0.000000	0.000000	0.000000	0.000000	0.000000	0.000000	0.000000	0.000000	0.000000	0.000000
0.010000	0.000000	0.000000	0.000000	0.000000	0.000000	0.000670	0.000160	-0.000113	0.167497
0.020000	0.000000	-0.000000	0.000020	0.000004	-0.000003	0.004314	0.000756	-0.000536	0.576428
0.030000	0.000000	-0.000000	0.000100	0.000016	-0.000012	0.012730	0.001978	-0.001403	1.109739
0.040000	0.000000	-0.000000	0.000293	0.000045	-0.000032	0.026740	0.003913	-0.002775	1.687088
0.050000	0.000001	-0.000001	0.000654	0.000096	-0.000068	0.046502	0.006578	-0.004666	2.255487
0.060000	0.000002	-0.000002	0.001241	0.000178	-0.000126	0.071752	0.009946	-0.007057	2.781979
0.070000	0.000005	-0.000003	0.002106	0.000297	-0.000211	0.101970	0.013964	-0.009910	3.247961
0.080000	0.000008	-0.000006	0.003295	0.000459	-0.000326	0.136488	0.018604	-0.013207	3.644117
0.090000	0.000014	-0.000010	0.004849	0.000671	-0.000476	0.174618	0.023771	-0.016880	3.969041
0.100000	0.000022	-0.000016	0.006798	0.000936	-0.000664	0.215653	0.029341	-0.020843	4.226150
0.110000	0.000033	-0.000023	0.009170	0.001258	-0.000893	0.258940	0.035255	-0.025055	4.420484
0.120000	0.000047	-0.000034	0.011983	0.001641	-0.001165	0.303882	0.041454	-0.029474	4.558503
0.130000	0.000066	-0.000047	0.015251	0.002087	-0.001483	0.349952	0.047889	-0.034066	4.647228
0.140000	0.000089	-0.000063	0.018984	0.002599	-0.001847	0.396692	0.054512	-0.038799	4.693669
0.150000	0.000118	-0.000084	0.023186	0.003178	-0.002259	0.443699	0.061328	-0.043678	4.703719
0.160000	0.000153	-0.000109	0.027859	0.003826	-0.002721	0.490662	0.068281	-0.048662	4.683822
0.170000	0.000195	-0.000139	0.032999	0.004543	-0.003232	0.537303	0.075294	-0.053699	4.640192
0.180000	0.000244	-0.000174	0.038603	0.005331	-0.003794	0.583410	0.082352	-0.058777	4.577336
0.190000	0.000302	-0.000215	0.044665	0.006190	-0.004407	0.628807	0.089443	-0.063890	4.499110
0.200000	0.000368	-0.000262	0.051176	0.007119	-0.005072	0.673360	0.096556	-0.069031	4.408756
0.210000	0.000444	-0.000316	0.058129	0.008120	-0.005788	0.716961	0.103683	-0.074193	4.308960
0.220000	0.000531	-0.000378	0.065512	0.009192	-0.006555	0.759525	0.110816	-0.079373	4.201920
0.230000	0.000629	-0.000447	0.073316	0.010336	-0.007375	0.800991	0.117949	-0.084567	4.089412
0.240000	0.000738	-0.000526	0.081528	0.011551	-0.008246	0.841310	0.125076	-0.089771	3.972851
0.250000	0.000860	-0.000613	0.090138	0.012837	-0.009170	0.880449	0.132194	-0.094984	3.853355
0.260000	0.000995	-0.000709	0.099133	0.014194	-0.010145	0.918382	0.139298	-0.100202	3.731795
0.270000	0.001144	-0.000816	0.108501	0.015622	-0.011173	0.955091	0.146387	-0.105425	3.608841
0.280000	0.001308	-0.000933	0.118231	0.017121	-0.012253	0.990567	0.153458	-0.110652	3.485005
0.290000	0.001487	-0.001061	0.128309	0.018691	-0.013386	1.024788	0.160548	-0.115911	3.359950
0.300000	0.001682	-0.001201	0.138722	0.020332	-0.014571	1.057764	0.167636	-0.121186	3.234340
0.310000	0.001893	-0.001353	0.149460	0.022043	-0.015809	1.089488	0.174674	-0.126441	3.109212
0.320000	0.002123	-0.001517	0.160508	0.023824	-0.017100	1.119962	0.181667	-0.131681	2.984569
0.330000	0.002370	-0.001695	0.171855	0.025676	-0.018442	1.149192	0.188622	-0.136911	2.860407
0.340000	0.002636	-0.001886	0.183488	0.027596	-0.019837	1.177183	0.195542	-0.142133	2.736720
0.350000	0.002922	-0.002092	0.195394	0.029586	-0.021285	1.203939	0.202430	-0.147350	2.613502
0.360000	0.003228	-0.002312	0.207562	0.031644	-0.022784	1.229466	0.209286	-0.152562	2.490749
0.370000	0.003555	-0.002547	0.219979	0.033771	-0.024335	1.253767	0.216112	-0.157770	2.368459
0.380000	0.003904	-0.002799	0.232633	0.035965	-0.025939	1.276848	0.222907	-0.162975	2.246634
0.390000	0.004275	-0.003066	0.245512	0.038228	-0.027594	1.298713	0.229672	-0.168176	2.125277
0.400000	0.004669	-0.003351	0.258604	0.040558	-0.029302	1.319366	0.236407	-0.173373	2.004395
0.410000	0.005086	-0.003653	0.271896	0.042956	-0.031061	1.338813	0.243110	-0.178565	1.884000
0.420000	0.005528	-0.003972	0.285376	0.045420	-0.032873	1.357059	0.249780	-0.183752	1.764103
0.430000	0.005995	-0.004310	0.299033	0.047950	-0.034736	1.374108	0.256418	-0.188932	1.644720
0.440000	0.006487	-0.004667	0.312854	0.050547	-0.036651	1.389966	0.263022	-0.194106	1.525867
0.450000	0.007006	-0.005043	0.326828	0.053210	-0.038617	1.404638	0.269591	-0.199272	1.407564
0.460000	0.007552	-0.005440	0.340943	0.055938	-0.040636	1.418130	0.276124	-0.204429	1.289832
0.470000	0.008125	-0.005856	0.355187	0.058732	-0.042705	1.430447	0.282621	-0.209576	1.172691
0.480000	0.008727	-0.006294	0.369548	0.061590	-0.044827	1.441596	0.289080	-0.214712	1.056166
0.490000	0.009357	-0.006753	0.384015	0.064513	-0.046999	1.451583	0.295501	-0.219837	0.940279
0.500000	0.010017	-0.007234	0.398576	0.067499	-0.049223	1.460414	0.301882	-0.224949	0.825056
0.510000	0.010707	-0.007738	0.413219	0.070550	-0.051498	1.468097	0.308224	-0.230047	0.710523
0.520000	0.011428	-0.008264	0.427934	0.073663	-0.053823	1.474638	0.314525	-0.235130	0.596705
0.530000	0.012181	-0.008814	0.442708	0.076840	-0.056200	1.480044	0.320785	-0.240197	0.483629
0.540000	0.012965	-0.009388	0.457531	0.080078	-0.058627	1.484323	0.327002	-0.245247	0.371323
0.550000	0.013783	-0.009987	0.472391	0.083379	-0.061104	1.487483	0.333177	-0.250280	0.259812
0.560000	0.014633	-0.010611	0.487277	0.086741	-0.063632	1.489532	0.339308	-0.255293	0.149126
0.570000	0.015518	-0.011260	0.502178	0.090165	-0.066210	1.490467	0.345428	-0.260314	0.038682
0.580000	0.016437	-0.011935	0.517082	0.093650	-0.068839	1.490297	0.351554	-0.265356	-0.071775
0.590000	0.017391	-0.012637	0.531980	0.097196	-0.071517	1.489035	0.357626	-0.270370	-0.181198
0.600000	0.018381	-0.013366	0.546859	0.100802	-0.074245	1.486688	0.363614	-0.275328	-0.288992
0.610000	0.019407	-0.014122	0.561710	0.104467	-0.077023	1.483270	0.369529	-0.280238	-0.395348
0.620000	0.020470	-0.014906	0.576521	0.108192	-0.079849	1.478795	0.375379	-0.285109	-0.500400
0.630000	0.021571	-0.015719	0.591282	0.111974	-0.082725	1.473275	0.381171	-0.289943	-0.604237
0.640000	0.022710	-0.016561	0.605983	0.115814	-0.085648	1.466723	0.386907	-0.294744	-0.706916
0.650000	0.023888	-0.017432	0.620613	0.119712	-0.088619	1.459150	0.392592	-0.299514	-0.808467
0.660000	0.025104	-0.018333	0.635163	0.123666	-0.091638	1.450566	0.398227	-0.304252	-0.908899
0.670000	0.026361	-0.019265	0.649621	0.127676	-0.094703	1.440984	0.403812	-0.308959	-1.008209
0.680000	0.027658	-0.020228	0.663979	0.131741	-0.097816	1.430414	0.409348	-0.313634	-1.106382
0.690000	0.028996	-0.021221	0.678226	0.135862	-0.100976	1.418869	0.414835	-0.318276	-1.203397
0.700000	0.030376	-0.022247	0.692353	0.140037	-0.104181	1.406359	0.420272	-0.322885	-1.299227
0.710000	0.031797	-0.023305	0.706350	0.144267	-0.107433	1.392896	0.425660	-0.327458	-1.393841
0.720000	0.033261	-0.024396	0.720208	0.148550	-0.110730	1.378494	0.430996	-0.331995	-1.487208
0.730000	0.034768	-0.025520	0.733917	0.152886	-0.114072	1.363164	0.436281	-0.336493	-1.579295
0.740000	0.036319	-0.026678	0.747468	0.157275	-0.117459	1.346920	0.441514	-0.340952	-1.670067
0.750000	0.037914	-0.027869	0.760852	0.161716	-0.120891	1.329775	0.446693	-0.345369	-1.759492
0.760000	0.039553	-0.029096	0.774061	0.166208	-0.124366	1.311742	0.451819	-0.349744	-1.847535
0.770000	0.041238	-0.030357	0.787084	0.170751	-0.127885	1.292836	0.456891	-0.354074	-1.934163
0.780000	0.042969	-0.031653	0.799915	0.175345	-0.131447	1.273071	0.461907	-0.358357	-2.019345
0.790000	0.044745	-0.032986	0.812543	0.179989	-0.135052	1.252461	0.466868	-0.362594	-2.103047
0.800000	0.046569	-0.034355	0.824961	0.184682	-0.138698	1.231022	0.471772	-0.366781	-2.185239
0.810000	0.048439	-0.035760	0.837161	0.189424	-0.142387	1.208768	0.476619	-0.370918	-2.265891
0.820000	0.050357	-0.037202	0.849134	0.194214	-0.146116	1.185716	0.481409	-0.375002	-2.344971
0.830000	0.052323	-0.038682	0.860872	0.199051	-0.149886	1.161880	0.486142	-0.379033	-2.422450
0.840000	0.054338	-0.040200	0.872369	0.203936	-0.153696	1.137278	0.490815	-0.383009	-2.498298
0.850000	0.056402	-0.041757	0.883615	0.208867	-0.157546	1.111926	0.495430	-0.386928	-2.572488
0.860000	0.058516	-0.043351	0.894605	0.213844	-0.161434	1.085840	0.499986	-0.390789	-2.644991
0.870000	0.060679	-0.044985	0.905330	0.218866	-0.165361	1.059037	0.504482	-0.394590	-2.715779
0.880000	0.062893	-0.046659	0.915783	0.223933	-0.169326	1.031535	0.508918	-0.398330	-2.784824
0.890000	0.065158	-0.048372	0.925958	0.229044	-0.173327	1.003352	0.513293	-0.402008	-2.852100
0.900000	0.067474	-0.050125	0.935848	0.234198	-0.177365	0.974504	0.517608	-0.405622	-2.917580
0.910000	0.069842	-0.051919	0.945446	0.239395	-0.181439	0.945011	0.521861	-0.409170	-2.981237
0.920000	0.072262	-0.053754	0.954746	0.244635	-0.185548	0.914891	0.526053	-0.412651	-3.043046
0.930000	0.074735	-0.055630	0.963742	0.249916	-0.189692	0.884161	0.530183	-0.416064	-3.102981
0.940000	0.077261	-0.057548	0.972427	0.255238	-0.193869	0.852842	0.534251	-0.419407	-3.161017
0.950000	0.079840	-0.059508	0.980797	0.260600	-0.198079	0.820951	0.538256	-0.422678	-3.217129
0.960000	0.082473	-0.061510	0.988844	0.266003	-0.202322	0.788509	0.542198	-0.425876	-3.271293
0.970000	0.085160	-0.063555	0.996565	0.271444	-0.206596	0.755536	0.546077	-0.429000	-3.323484
0.980000	0.087902	-0.065642	1.003953	0.276924	-0.210902	0.722050	0.549893	-0.432049	-3.373681
0.990000	0.090699	-0.067773	1.011004	0.282441	-0.215237	0.688072	0.553645	-0.435020	-3.421859
1.000000	0.093551	-0.069947	1.017713	0.287996	-0.219601	0.653622	0.557333	-0.437912	-3.467995
1.010000	0.096459	-0.072165	1.024075	0.293587	-0.223995	0.618722	0.560957	-0.440723	-3.512068
1.020000	0.099423	-0.074427	1.030086	0.299215	-0.228415	0.583391	0.564516	-0.443454	-3.554057
1.030000	0.102443	-0.076733	1.035742	0.304877	-0.232863	0.547650	0.568010	-0.446100	-3.593939
1.040000	0.105521	-0.079084	1.041038	0.310574	-0.237337	0.511521	0.571440	-0.448663	-3.631694
1.050000	0.108655	-0.081480	1.045971	0.316305	-0.241836	0.475025	0.574804	-0.451139	-3.667303
1.060000	0.111847	-0.083921	1.050537	0.322070	-0.246359	0.438184	0.578102	-0.453527	-3.700745
1.070000	0.115096	-0.086407	1.054733	0.327867	-0.250906	0.401019	0.581335	-0.455827	-3.732002
1.080000	0.118404	-0.088939	1.058556	0.333696	-0.255475	0.363553	0.584502	-0.458036	-3.761055
1.090000	0.121770	-0.091517	1.062003	0.339557	-0.260066	0.325807	0.587603	-0.460153	-3.787886
1.100000	0.125195	-0.094141	1.065072	0.345448	-0.264678	0.287803	0.590637	-0.462176	-3.812478
1.110000	0.128679	-0.096810	1.067759	0.351369	-0.269309	0.249565	0.593605	-0.464105	-3.834814
1.120000	0.132223	-0.099527	1.070062	0.357320	-0.273960	0.211115	0.596521	-0.465945	-3.854905
1.130000	0.135826	-0.102290	1.071980	0.363299	-0.278628	0.172474	0.599390	-0.467697	-3.872734
1.140000	0.139489	-0.105099	1.073511	0.369307	-0.283313	0.133668	0.602204	-0.469353	-3.888248
1.150000	0.143212	-0.107956	1.074653	0.375343	-0.288015	0.094717	0.604953	-0.470909	-3.901409
1.160000	0.146996	-0.110860	1.075405	0.381406	-0.292731	0.055648	0.607634	-0.472362	-3.912190
1.170000	0.150840	-0.113811	1.075766	0.387496	-0.297462	0.016481	0.610231	-0.473704	-3.920618
1.180000	0.154746	-0.116809	1.075735	0.393611	-0.302205	-0.022758	0.612737	-0.474933	-3.926716
1.190000	0.158713	-0.119855	1.075311	0.399750	-0.306960	-0.062046	0.615160	-0.476050	-3.930465
1.200000	0.162741	-0.122948	1.074493	0.405913	-0.311726	-0.101361	0.617505	-0.477056	-3.931851
1.210000	0.166831	-0.126089	1.073283	0.412100	-0.316501	-0.140677	0.619778	-0.477953	-3.930860
1.220000	0.170983	-0.129278	1.071680	0.418308	-0.321284	-0.179972	0.621981	-0.478738	-3.927481
1.230000	0.175197	-0.132515	1.069684	0.424539	-0.326075	-0.219221	0.624115	-0.479413	-3.921704
1.240000	0.179474	-0.135800	1.067296	0.430790	-0.330872	-0.258400	0.626182	-0.479976	-3.913520
1.250000	0.183813	-0.139133	1.064516	0.437062	-0.335674	-0.297486	0.628182	-0.480426	-3.902922
1.260000	0.188215	-0.142513	1.061346	0.443354	-0.340480	-0.336453	0.630117	-0.480763	-3.889904
1.270000	0.192680	-0.145942	1.057788	0.449664	-0.345289	-0.375279	0.631985	-0.480984	-3.874460
1.280000	0.197209	-0.149419	1.053841	0.455993	-0.350100	-0.413937	0.633787	-0.481089	-3.856587
1.290000	0.201800	-0.152944	1.049510	0.462340	-0.354911	-0.452406	0.635522	-0.481076	-3.836282
1.300000	0.206455	-0.156517	1.044794	0.468703	-0.359721	-0.490659	0.637191	-0.480944	-3.813543
1.310000	0.211174	-0.160139	1.039697	0.475083	-0.364529	-0.528672	0.638792	-0.480691	-3.788369
1.320000	0.215957	-0.163808	1.034221	0.481479	-0.369334	-0.566422	0.640326	-0.480318	-3.760759
1.330000	0.220804	-0.167525	1.028370	0.487889	-0.374135	-0.603884	0.641793	-0.479821	-3.730715
1.340000	0.225715	-0.171291	1.022145	0.494314	-0.378931	-0.641033	0.643191	-0.479201	-3.698239
1.350000	0.230690	-0.175104	1.015550	0.500753	-0.383719	-0.677845	0.644522	-0.478456	-3.663333
1.360000	0.235730	-0.178965	1.008589	0.507204	-0.388499	-0.714296	0.645784	-0.477584	-3.626002
1.370000	0.240834	-0.182874	1.001266	0.513668	-0.393271	-0.750362	0.646978	-0.476585	-3.586250
1.380000	0.246003	-0.186830	0.993583	0.520144	-0.398031	-0.786019	0.648104	-0.475458	-3.544084
1.390000	0.251237	-0.190834	0.985547	0.526630	-0.402779	-0.821242	0.649161	-0.474201	-3.499510
1.400000	0.256536	-0.194886	0.977160	0.533127	-0.407515	-0.856007	0.650149	-0.472814	-3.452536
1.410000	0.261900	-0.198985	0.968428	0.539633	-0.412236	-0.890291	0.651069	-0.471295	-3.403173
1.420000	0.267329	-0.203131	0.959356	0.546148	-0.416940	-0.924069	0.651920	-0.469644	-3.351429
1.430000	0.272823	-0.207323	0.949948	0.552671	-0.421628	-0.957318	0.652702	-0.467859	-3.297316
1.440000	0.278382	-0.211563	0.940211	0.559201	-0.426297	-0.990014	0.653416	-0.465940	-3.240847
1.450000	0.284007	-0.215849	0.930150	0.565739	-0.430947	-1.022134	0.654061	-0.463886	-3.182035
1.460000	0.289697	-0.220182	0.919771	0.572282	-0.435575	-1.053654	0.654637	-0.461696	-3.120895
1.470000	0.295453	-0.224561	0.909079	0.578831	-0.440181	-1.084551	0.655145	-0.459369	-3.057443
1.480000	0.301274	-0.228985	0.898082	0.585385	-0.444762	-1.114803	0.655584	-0.456904	-2.991697
1.490000	0.307160	-0.233456	0.886785	0.591943	-0.449319	-1.144386	0.655955	-0.454301	-2.923673
1.500000	0.313113	-0.237972	0.875196	0.598504	-0.453848	-1.173277	0.656257	-0.451558	-2.853393
1.510000	0.319130	-0.242533	0.863322	0.605068	-0.458350	-1.201454	0.656491	-0.448676	-2.780876
1.520000	0.325214	-0.247139	0.851170	0.611634	-0.462822	-1.228895	0.656657	-0.445653	-2.706145
1.530000	0.331363	-0.251789	0.838747	0.618201	-0.467263	-1.255578	0.656755	-0.442488	-2.629224
1.540000	0.337578	-0.256484	0.826061	0.624768	-0.471671	-1.281481	0.656785	-0.439182	-2.550135
1.550000	0.343858	-0.261222	0.813120	0.631336	-0.476046	-1.306583	0.656747	-0.435733	-2.468906
1.560000	0.350205	-0.266005	0.799932	0.637903	-0.480386	-1.330862	0.656641	-0.432142	-2.385564
1.570000	0.356617	-0.270830	0.786505	0.644469	-0.484689	-1.354297	0.656468	-0.428406	-2.300136
1.580000	0.363094	-0.275698	0.772849	0.651032	-0.488954	-1.376867	0.656226	-0.424526	-2.212654
1.590000	0.369637	-0.280609	0.758971	0.657593	-0.493179	-1.398553	0.655918	-0.420502	-2.123148
1.600000	0.376246	-0.285562	0.744881	0.664151	-0.497364	-1.419333	0.655542	-0.416333	-2.031650
1.610000	0.382920	-0.290556	0.730587	0.670704	-0.501506	-1.439189	0.655099	-0.412018	-1.938196
1.620000	0.389660	-0.295592	0.716100	0.677252	-0.505604	-1.458101	0.654589	-0.407557	-1.842819
1.630000	0.396465	-0.300668	0.701429	0.683796	-0.509657	-1.476049	0.654013	-0.402950	-1.745557
1.640000	0.403336	-0.305785	0.686583	0.690333	-0.513663	-1.493016	0.653369	-0.398197	-1.646448
1.650000	0.410272	-0.310941	0.671572	0.696863	-0.517621	-1.508983	0.652660	-0.393296	-1.545532
1.660000	0.417273	-0.316137	0.656406	0.703386	-0.521529	-1.523932	0.651884	-0.388249	-1.442850
1.670000	0.424340	-0.321372	0.641097	0.709900	-0.525386	-1.537845	0.651041	-0.383054	-1.338444
1.680000	0.431471	-0.326644	0.625653	0.716406	-0.529191	-1.550706	0.650133	-0.377712	-1.232359
1.690000	0.438668	-0.331955	0.610086	0.722903	-0.532941	-1.562498	0.649159	-0.372222	-1.124640
1.700000	0.445929	-0.337303	0.594407	0.729390	-0.536635	-1.573205	0.648119	-0.366585	-1.015334
1.710000	0.453255	-0.342688	0.578626	0.735865	-0.540273	-1.582811	0.647015	-0.360799	-0.904491
1.720000	0.460646	-0.348108	0.562754	0.742330	-0.543851	-1.591301	0.645844	-0.354866	-0.792160
1.730000	0.468102	-0.353565	0.546803	0.748782	-0.547370	-1.598661	0.644609	-0.348785	-0.678393
1.740000	0.475622	-0.359056	0.530785	0.755222	-0.550827	-1.604876	0.643310	-0.342557	-0.563244
1.750000	0.483206	-0.364581	0.514710	0.761648	-0.554221	-1.609933	0.641945	-0.336181	-0.446767
1.760000	0.490855	-0.370140	0.498590	0.768061	-0.557551	-1.613819	0.640517	-0.329657	-0.329019
1.770000	0.498567	-0.375732	0.482437	0.774459	-0.560815	-1.616521	0.639024	-0.322986	-0.210059
1.780000	0.506344	-0.381356	0.466264	0.780841	-0.564011	-1.618028	0.637467	-0.316168	-0.089947
1.790000	0.514184	-0.387012	0.450081	0.787208	-0.567138	-1.618328	0.635847	-0.309203	0.031257
1.800000	0.522088	-0.392698	0.433901	0.793558	-0.570195	-1.617411	0.634164	-0.302092	0.153488
1.810000	0.530055	-0.398415	0.417737	0.799891	-0.573181	-1.615267	0.632417	-0.294834	0.276682
1.820000	0.538086	-0.404162	0.401600	0.806206	-0.576092	-1.611887	0.630608	-0.287430	0.400772
1.830000	0.546179	-0.409937	0.385503	0.812503	-0.578929	-1.607261	0.628736	-0.279881	0.525689
1.840000	0.554336	-0.415740	0.369459	0.818781	-0.581690	-1.601383	0.626802	-0.272187	0.651364
1.850000	0.562555	-0.421570	0.353480	0.825039	-0.584374	-1.594244	0.624806	-0.264349	0.777724
1.860000	0.570837	-0.427427	0.337578	0.831277	-0.586978	-1.585839	0.622748	-0.256367	0.904697
1.870000	0.579180	-0.433310	0.321767	0.837494	-0.589501	-1.576161	0.620628	-0.248242	1.032205
1.880000	0.587586	-0.439217	0.306059	0.843690	-0.591943	-1.565205	0.618447	-0.239974	1.160173
1.890000	0.596054	-0.445148	0.290468	0.849863	-0.594301	-1.552968	0.616206	-0.231564	1.288521
1.900000	0.604584	-0.451103	0.275004	0.856014	-0.596575	-1.539446	0.613904	-0.223013	1.417168
1.910000	0.613174	-0.457080	0.259683	0.862142	-0.598762	-1.524636	0.611541	-0.214321	1.546031
1.920000	0.621826	-0.463078	0.244516	0.868245	-0.600861	-1.508537	0.609119	-0.205491	1.675026
1.930000	0.630539	-0.469096	0.229517	0.874324	-0.602872	-1.491147	0.606636	-0.196521	1.804066
1.940000	0.639313	-0.475135	0.214697	0.880378	-0.604792	-1.472468	0.604095	-0.187414	1.933062
1.950000	0.648147	-0.481192	0.200072	0.886406	-0.606621	-1.452499	0.601494	-0.178170	2.061925
1.960000	0.657041	-0.487267	0.185652	0.892408	-0.608356	-1.431242	0.598835	-0.168791	2.190562
1.970000	0.665995	-0.493359	0.171451	0.898383	-0.609997	-1.408700	0.596117	-0.159277	2.318879
1.980000	0.675008	-0.499467	0.157482	0.904330	-0.611542	-1.384877	0.593341	-0.149630	2.446779
1.990000	0.684081	-0.505589	0.143758	0.910250	-0.612990	-1.359778	0.590508	-0.139850	2.574165
2.000000	0.693213	-0.511726	0.130291	0.916141	-0.614340	-1.333407	0.587616	-0.129940	2.700937
2.010000	0.702404	-0.517876	0.117094	0.922002	-0.615590	-1.305773	0.584668	-0.119900	2.826992
2.020000	0.711653	-0.524037	0.104180	0.927834	-0.616737	-1.276869	0.581644	-0.109666	2.952920
2.030000	0.720961	-0.530210	0.091561	0.933635	-0.617783	-1.246717	0.578553	-0.099276	3.078250
2.040000	0.730326	-0.536393	0.079250	0.939405	-0.618722	-1.215307	0.575399	-0.088737	3.202752
2.050000	0.739749	-0.542584	0.067259	0.945143	-0.619557	-1.182666	0.572190	-0.078073	3.326102
2.060000	0.749229	-0.548784	0.055600	0.950849	-0.620285	-1.148802	0.568945	-0.067352	3.447525
2.070000	0.758765	-0.554990	0.044287	0.956522	-0.620905	-1.113732	0.565658	-0.056553	3.567123
2.080000	0.768359	-0.561201	0.033330	0.962162	-0.621417	-1.077476	0.562326	-0.045664	3.684942
2.090000	0.778009	-0.567418	0.022741	0.967768	-0.621819	-1.040049	0.558945	-0.034675	3.800979
2.100000	0.787714	-0.573637	0.012533	0.973341	-0.622111	-1.001472	0.555513	-0.023578	3.915197
2.110000	0.797475	-0.579859	0.002716	0.978879	-0.622291	-0.961761	0.552028	-0.012372	4.027530
2.120000	0.807292	-0.586083	-0.006699	0.984382	-0.622359	-0.920937	0.548491	-0.001053	4.137890
2.130000	0.817163	-0.592306	-0.015700	0.989849	-0.622313	-0.879019	0.544899	0.010378	4.246174
2.140000	0.827088	-0.598529	-0.024276	0.995280	-0.622152	-0.836029	0.541255	0.021920	4.352265
2.150000	0.837068	-0.604749	-0.032417	1.000674	-0.621876	-0.791989	0.537557	0.033573	4.456037
2.160000	0.847102	-0.610966	-0.040112	1.006031	-0.621482	-0.746924	0.533807	0.045333	4.557359
2.170000	0.857189	-0.617178	-0.047352	1.011351	-0.620970	-0.700858	0.530004	0.057200	4.656092
2.180000	0.867329	-0.623385	-0.054126	1.016632	-0.620339	-0.653818	0.526149	0.069169	4.752094
2.190000	0.877521	-0.629585	-0.060425	1.021874	-0.619587	-0.605833	0.522242	0.081239	4.845220
2.200000	0.887766	-0.635776	-0.066239	1.027077	-0.618715	-0.556931	0.518285	0.093407	4.935322
2.210000	0.898063	-0.641958	-0.071560	1.032240	-0.617720	-0.507143	0.514278	0.105669	5.022249
2.220000	0.908411	-0.648130	-0.076379	1.037362	-0.616602	-0.456502	0.510221	0.118023	5.105850
2.230000	0.918810	-0.654290	-0.080688	1.042444	-0.615359	-0.405037	0.506089	0.130542	5.186287
2.240000	0.929259	-0.660437	-0.084477	1.047484	-0.613991	-0.352788	0.501896	0.143182	5.263238
2.250000	0.939759	-0.666569	-0.087741	1.052482	-0.612495	-0.299785	0.497645	0.155931	5.336441
2.260000	0.950309	-0.672686	-0.090471	1.057437	-0.610872	-0.246072	0.493347	0.168761	5.405663
2.270000	0.960908	-0.678786	-0.092660	1.062348	-0.609120	-0.191686	0.489001	0.181668	5.470693
2.280000	0.971556	-0.684868	-0.094302	1.067217	-0.607239	-0.136673	0.484613	0.194635	5.531352
2.290000	0.982252	-0.690931	-0.095392	1.072041	-0.605227	-0.081074	0.480181	0.207666	5.587446
2.300000	0.992996	-0.696972	-0.095922	1.076820	-0.603086	-0.024939	0.475710	0.220744	5.638829
2.310000	1.003788	-0.702992	-0.095889	1.081555	-0.600812	0.031686	0.471196	0.233878	5.685313
2.320000	1.014627	-0.708988	-0.095287	1.086244	-0.598408	0.088751	0.466644	0.247053	5.726759
2.330000	1.025513	-0.714960	-0.094112	1.090888	-0.595872	0.146204	0.462078	0.260200	5.762967
2.340000	1.036445	-0.720905	-0.092362	1.095486	-0.593205	0.203993	0.457488	0.273347	5.793807
2.350000	1.047423	-0.726823	-0.090031	1.100038	-0.590407	0.262063	0.452866	0.286513	5.819134
2.360000	1.058446	-0.732713	-0.087119	1.104544	-0.587476	0.320359	0.448206	0.299712	5.838787
2.370000	1.069513	-0.738572	-0.083624	1.109003	-0.584414	0.378822	0.443505	0.312952	5.852600
2.380000	1.080625	-0.744401	-0.079543	1.113414	-0.581218	0.437394	0.438762	0.326235	5.860396
2.390000	1.091781	-0.750196	-0.074876	1.117778	-0.577890	0.496013	0.433974	0.339562	5.861994
2.400000	1.102981	-0.755958	-0.069622	1.122094	-0.574428	0.554617	0.429142	0.352932	5.857211
2.410000	1.114223	-0.761685	-0.063784	1.126361	-0.570833	0.613141	0.424265	0.366341	5.845861
2.420000	1.125508	-0.767374	-0.057360	1.130580	-0.567103	0.671518	0.419345	0.379787	5.827759
2.430000	1.136835	-0.773026	-0.050354	1.134749	-0.563238	0.729680	0.414382	0.393263	5.802722
2.440000	1.148203	-0.778639	-0.042767	1.138868	-0.559239	0.787557	0.409377	0.406766	5.770566
2.450000	1.159612	-0.784210	-0.034604	1.142937	-0.555104	0.845076	0.404330	0.420290	5.731113
2.460000	1.171061	-0.789740	-0.025867	1.146955	-0.550834	0.902164	0.399243	0.433830	5.684186
2.470000	1.182551	-0.795227	-0.016562	1.150922	-0.546429	0.958744	0.394117	0.447380	5.629617
2.480000	1.194080	-0.800668	-0.006694	1.154837	-0.541886	1.014728	0.388920	0.461014	5.566546
2.490000	1.205647	-0.806064	0.003730	1.158700	-0.537208	1.070049	0.383670	0.474685	5.495181
2.500000	1.217253	-0.811412	0.014704	1.162510	-0.532392	1.124604	0.378372	0.488376	5.415365
2.510000	1.228897	-0.816711	0.026220	1.166267	-0.527441	1.178331	0.373038	0.502056	5.327234
2.520000	1.240579	-0.821960	0.038268	1.169971	-0.522351	1.231122	0.367667	0.515721	5.230556
2.530000	1.252297	-0.827158	0.050839	1.173621	-0.517127	1.282916	0.362267	0.529348	5.125439
2.540000	1.264051	-0.832302	0.063922	1.177216	-0.511765	1.333602	0.356835	0.542939	5.011613
2.550000	1.275841	-0.837393	0.077507	1.180757	-0.506268	1.383122	0.351378	0.556479	4.889190
2.560000	1.287666	-0.842427	0.091581	1.184244	-0.500635	1.431358	0.345892	0.569970	4.757886
2.570000	1.299525	-0.847405	0.106130	1.187675	-0.494869	1.478253	0.340380	0.583400	4.617838
2.580000	1.311419	-0.852324	0.121141	1.191052	-0.488969	1.523709	0.334873	0.596696	4.469994
2.590000	1.323346	-0.857184	0.136599	1.194373	-0.482937	1.567646	0.329358	0.609887	4.313878
2.600000	1.335306	-0.861983	0.152489	1.197639	-0.476773	1.609979	0.323825	0.622990	4.149145
2.610000	1.347299	-0.866719	0.168793	1.200850	-0.470478	1.650622	0.318267	0.636015	3.975560
2.620000	1.359323	-0.871392	0.185495	1.204005	-0.464054	1.689484	0.312682	0.648967	3.792972
2.630000	1.371379	-0.876000	0.202576	1.207104	-0.457500	1.726475	0.307066	0.661848	3.601297
2.640000	1.383465	-0.880541	0.220018	1.210147	-0.450818	1.761504	0.301418	0.674656	3.400510
2.650000	1.395581	-0.885016	0.237800	1.213133	-0.444009	1.794480	0.295738	0.687388	3.190630
2.660000	1.407727	-0.889421	0.255900	1.216062	-0.437072	1.825312	0.290026	0.700039	2.971716
2.670000	1.419903	-0.893757	0.274298	1.218934	-0.430009	1.853911	0.284282	0.712603	2.743859
2.680000	1.432106	-0.898021	0.292971	1.221748	-0.422821	1.880188	0.278508	0.725073	2.507180
2.690000	1.444337	-0.902213	0.311894	1.224505	-0.415509	1.904054	0.272703	0.737442	2.261830
2.700000	1.456596	-0.906331	0.331044	1.227203	-0.408074	1.925425	0.266870	0.749703	2.007983
2.710000	1.468881	-0.910374	0.350394	1.229843	-0.400517	1.944216	0.261009	0.761848	1.745838
2.720000	1.481193	-0.914341	0.369919	1.232423	-0.392839	1.960345	0.255122	0.773870	1.475620
2.730000	1.493529	-0.918230	0.389592	1.234945	-0.385041	1.973733	0.249208	0.785762	1.197580
2.740000	1.505891	-0.922041	0.409384	1.237408	-0.377125	1.984302	0.243270	0.797516	0.911993
2.750000	1.518277	-0.925772	0.429268	1.239811	-0.369092	1.991980	0.237308	0.809124	0.619160
2.760000	1.530687	-0.929422	0.449214	1.242155	-0.360944	1.996694	0.231323	0.820579	0.319410
2.770000	1.543120	-0.932991	0.469192	1.244438	-0.352682	1.998378	0.225315	0.831874	0.013099
2.780000	1.555576	-0.936476	0.489171	1.246662	-0.344308	1.996968	0.219286	0.843002	-0.299388
2.790000	1.568053	-0.939876	0.509121	1.248825	-0.335823	1.992404	0.213237	0.853954	-0.617636
2.800000	1.580552	-0.943192	0.529008	1.250927	-0.327230	1.984631	0.207167	0.864724	-0.941199
2.810000	1.593072	-0.946421	0.548802	1.252968	-0.318530	1.973597	0.201078	0.875305	-1.269601
2.820000	1.605611	-0.949562	0.568469	1.254949	-0.309726	1.959257	0.194970	0.885688	-1.602333
2.830000	1.618170	-0.952615	0.587976	1.256868	-0.300818	1.941571	0.188844	0.895866	-1.938851
2.840000	1.630748	-0.955578	0.607289	1.258726	-0.291810	1.920502	0.182701	0.905831	-2.278577
2.850000	1.643345	-0.958451	0.626375	1.260523	-0.282703	1.896023	0.176541	0.915577	-2.620900
2.860000	1.655959	-0.961232	0.645198	1.262258	-0.273500	1.868110	0.170364	0.925094	-2.965169
2.870000	1.668590	-0.963920	0.663725	1.263931	-0.264203	1.836747	0.164172	0.934377	-3.310700
2.880000	1.681237	-0.966516	0.681921	1.265542	-0.254814	1.801926	0.157965	0.943415	-3.656767
2.890000	1.693900	-0.969016	0.699752	1.267091	-0.245336	1.763644	0.151743	0.952203	-4.002608
2.900000	1.706579	-0.971422	0.717183	1.268577	-0.235771	1.721907	0.145507	0.960730	-4.347420
2.910000	1.719272	-0.973731	0.734179	1.270001	-0.226123	1.676731	0.139258	0.968991	-4.690360
2.920000	1.731979	-0.975944	0.750706	1.271363	-0.216393	1.628138	0.132997	0.976975	-5.030543
2.930000	1.744699	-0.978059	0.766730	1.272662	-0.206585	1.576160	0.126723	0.984675	-5.367042
2.940000	1.757432	-0.980076	0.782218	1.273898	-0.196701	1.520839	0.120437	0.992082	-5.698888
2.950000	1.770176	-0.981993	0.797136	1.275071	-0.186744	1.462226	0.114141	0.999189	-6.025066
2.960000	1.782933	-0.983810	0.811451	1.276181	-0.176719	1.400384	0.107834	1.005985	-6.344518
2.970000	1.795700	-0.985527	0.825133	1.277228	-0.166626	1.335384	0.101517	1.012463	-6.656139
2.980000	1.808477	-0.987143	0.838149	1.278212	-0.156471	1.267311	0.095191	1.018613	-6.958780
2.990000	1.821264	-0.988656	0.850469	1.279133	-0.146255	1.196261	0.088856	1.024427	-7.251241
3.000000	1.834060	-0.990067	0.862064	1.279990	-0.135984	1.122341	0.082513	1.029896	-7.532277
3.010000	1.846863	-0.991376	0.872906	1.280784	-0.125659	1.045672	0.076162	1.035010	-7.800594
3.020000	1.859675	-0.992580	0.882969	1.281514	-0.115285	0.966389	0.069805	1.039761	-8.054847
3.030000	1.872494	-0.993681	0.892226	1.282180	-0.104865	0.884637	0.063441	1.044138	-8.293641
3.040000	1.885318	-0.994678	0.900654	1.282783	-0.094403	0.800579	0.057071	1.048133	-8.515530
3.050000	1.898149	-0.995569	0.908230	1.283322	-0.083904	0.714392	0.050696	1.051736	-8.719015
3.060000	1.910985	-0.996356	0.914935	1.283798	-0.073370	0.626267	0.044317	1.054936	-8.902546
3.070000	1.923825	-0.997036	0.920749	1.284209	-0.062806	0.536412	0.037933	1.057726	-9.064534
3.080000	1.936669	-0.997612	0.925658	1.284557	-0.052217	0.445049	0.031546	1.060094	-9.203415
3.090000	1.949516	-0.998081	0.929646	1.284841	-0.041606	0.352418	0.025156	1.062033	-9.317763
3.100000	1.962365	-0.998444	0.932703	1.285061	-0.030978	0.258769	0.018764	1.063535	-9.406414
3.110000	1.975217	-0.998700	0.934819	1.285217	-0.020336	0.164366	0.012370	1.064596	-9.468534
3.120000	1.988069	-0.998850	0.935988	1.285309	-0.009687	0.069474	0.005975	1.065213	-9.503635
3.130000	2.000923	-0.998894	0.936207	1.285337	0.000967	-0.025633	-0.000421	1.065384	-9.511559
3.140000	2.013776	-0.998831	0.935475	1.285301	0.011620	-0.120685	-0.006817	1.065111	-9.492461
3.150000	2.026628	-0.998662	0.933795	1.285201	0.022268	-0.215413	-0.013212	1.064395	-9.446765
3.160000	2.039480	-0.998386	0.931169	1.285037	0.032906	-0.309555	-0.019605	1.063241	-9.375127
3.170000	2.052329	-0.998003	0.927606	1.284809	0.043531	-0.402855	-0.025997	1.061653	-9.278396
3.180000	2.065176	-0.997515	0.923115	1.284518	0.054138	-0.495066	-0.032387	1.059638	-9.157576
3.190000	2.078019	-0.996921	0.917709	1.284162	0.064723	-0.585955	-0.038774	1.057201	-9.013790
3.200000	2.090859	-0.996221	0.911401	1.283743	0.075282	-0.675296	-0.045157	1.054351	-8.848249
3.210000	2.103694	-0.995415	0.904209	1.283260	0.085809	-0.762879	-0.051536	1.051095	-8.662227
3.220000	2.116524	-0.994505	0.896150	1.282713	0.096303	-0.848505	-0.057910	1.047441	-8.457037
3.230000	2.129348	-0.993489	0.887246	1.282102	0.106758	-0.931989	-0.064279	1.043399	-8.234011
3.240000	2.142165	-0.992370	0.877518	1.281428	0.117170	-1.013160	-0.070642	1.038977	-7.994489
3.250000	2.154976	-0.991146	0.866991	1.280690	0.127537	-1.091859	-0.076999	1.034183	-7.739800
3.260000	2.167779	-0.989819	0.855690	1.279889	0.137853	-1.167941	-0.083348	1.029027	-7.471258
3.270000	2.180574	-0.988389	0.843641	1.279024	0.148117	-1.241274	-0.089690	1.023518	-7.190150
3.280000	2.193359	-0.986857	0.830874	1.278095	0.158323	-1.311738	-0.096024	1.017664	-6.897735
3.290000	2.206135	-0.985223	0.817417	1.277104	0.168470	-1.379227	-0.102349	1.011475	-6.595232
3.300000	2.218901	-0.983488	0.803300	1.276049	0.178552	-1.443645	-0.108664	1.004960	-6.283826
3.310000	2.231656	-0.981652	0.788554	1.274931	0.188568	-1.504910	-0.114970	0.998126	-5.964658
3.320000	2.244400	-0.979717	0.773212	1.273750	0.198515	-1.562949	-0.121265	0.990984	-5.638828
3.330000	2.257131	-0.977682	0.757306	1.272506	0.208388	-1.617700	-0.127549	0.983541	-5.307394
3.340000	2.269849	-0.975549	0.740869	1.271200	0.218185	-1.669114	-0.133821	0.975807	-4.971370
3.350000	2.282555	-0.973319	0.723935	1.269831	0.227904	-1.717148	-0.140081	0.967789	-4.631726
3.360000	2.295246	-0.970991	0.706538	1.268399	0.237541	-1.761771	-0.146329	0.959496	-4.289389
3.370000	2.307922	-0.968568	0.688711	1.266905	0.247094	-1.802961	-0.152562	0.950937	-3.945245
3.380000	2.320584	-0.966050	0.670490	1.265348	0.256560	-1.840704	-0.158782	0.942119	-3.600138
3.390000	2.333229	-0.963437	0.651909	1.263730	0.265937	-1.874994	-0.164987	0.933050	-3.254870
3.400000	2.345858	-0.960731	0.633002	1.262049	0.275221	-1.905834	-0.171178	0.923739	-2.910202
3.410000	2.358470	-0.957933	0.613804	1.260307	0.284412	-1.933233	-0.177352	0.914193	-2.566856
3.420000	2.371064	-0.955043	0.594349	1.258503	0.293505	-1.957208	-0.183510	0.904420	-2.225518
3.430000	2.383640	-0.952063	0.574671	1.256637	0.302500	-1.977781	-0.189651	0.894427	-1.886832
3.440000	2.396197	-0.948994	0.554805	1.254710	0.311394	-1.994983	-0.195775	0.884223	-1.551407
3.450000	2.408734	-0.945836	0.534783	1.252722	0.320185	-2.008850	-0.201881	0.873815	-1.219817
3.460000	2.421251	-0.942590	0.514639	1.250673	0.328871	-2.019421	-0.207968	0.863209	-0.892599
3.470000	2.433747	-0.939259	0.494405	1.248564	0.337450	-2.026744	-0.214037	0.852414	-0.570257
3.480000	2.446222	-0.935842	0.474115	1.246393	0.345920	-2.030870	-0.220085	0.841436	-0.253262
3.490000	2.458675	-0.932341	0.453799	1.244162	0.354279	-2.031854	-0.226113	0.830283	0.057950
3.500000	2.471105	-0.928757	0.433488	1.241872	0.362526	-2.029756	-0.232121	0.818961	0.362972
3.510000	2.483512	-0.925091	0.413214	1.239521	0.370659	-2.024640	-0.238107	0.807478	0.661428
3.520000	2.495895	-0.921344	0.393005	1.237110	0.378676	-2.016573	-0.244071	0.795840	0.952974
3.530000	2.508254	-0.917517	0.372892	1.234640	0.386577	-2.005626	-0.250013	0.784054	1.237294
3.540000	2.520588	-0.913613	0.352902	1.232110	0.394358	-1.991873	-0.255932	0.772126	1.514099
3.550000	2.532896	-0.909631	0.333064	1.229522	0.402020	-1.975390	-0.261827	0.760063	1.783130
3.560000	2.545178	-0.905573	0.313403	1.226874	0.409560	-1.956256	-0.267698	0.747871	2.044153
3.570000	2.557433	-0.901440	0.293947	1.224168	0.416978	-1.934553	-0.273544	0.735558	2.296959
3.580000	2.569661	-0.897233	0.274721	1.221404	0.424272	-1.910363	-0.279365	0.723128	2.541365
3.590000	2.581861	-0.892955	0.255748	1.218582	0.431442	-1.883771	-0.285160	0.710589	2.777214
3.600000	2.594033	-0.888605	0.237053	1.215702	0.438485	-1.854863	-0.290929	0.697945	3.004368
3.610000	2.606175	-0.884186	0.218658	1.212764	0.445401	-1.823728	-0.296671	0.685204	3.222716
3.620000	2.618288	-0.879697	0.200586	1.209769	0.452190	-1.790453	-0.302386	0.672371	3.432166
3.630000	2.630370	-0.875142	0.182856	1.206717	0.458850	-1.755128	-0.308072	0.659452	3.632647
3.640000	2.642422	-0.870521	0.165490	1.203608	0.465380	-1.717842	-0.313731	0.646453	3.824109
3.650000	2.654442	-0.865835	0.148506	1.200443	0.471780	-1.678687	-0.319360	0.633379	4.006520
3.660000	2.666430	-0.861086	0.131922	1.197221	0.478049	-1.637753	-0.324959	0.620236	4.179867
3.670000	2.678386	-0.856274	0.115757	1.193944	0.484186	-1.595130	-0.330529	0.607029	4.344155
3.680000	2.690309	-0.851402	0.100025	1.190611	0.490190	-1.550909	-0.336067	0.593764	4.499406
3.690000	2.702198	-0.846471	0.084743	1.187223	0.496062	-1.505180	-0.341575	0.580447	4.645655
3.700000	2.714053	-0.841482	0.069926	1.183781	0.501800	-1.458033	-0.347051	0.567081	4.782956
3.710000	2.725874	-0.836436	0.055587	1.180283	0.507405	-1.409558	-0.352495	0.553673	4.911374
3.720000	2.737659	-0.831334	0.041739	1.176731	0.512875	-1.359841	-0.357906	0.540227	5.030990
3.730000	2.749408	-0.826179	0.028394	1.173125	0.518211	-1.308972	-0.363283	0.526748	5.141896
3.740000	2.761121	-0.820970	0.015564	1.169466	0.523411	-1.257037	-0.368627	0.513242	5.244196
3.750000	2.772797	-0.815711	0.003257	1.165754	0.528477	-1.204120	-0.373937	0.499714	5.338006
3.760000	2.784436	-0.810401	-0.008516	1.161988	0.533407	-1.150308	-0.379212	0.486167	5.423449
3.770000	2.796037	-0.805043	-0.019746	1.158170	0.538201	-1.095681	-0.384451	0.472606	5.500662
3.780000	2.807599	-0.799638	-0.030427	1.154300	0.542860	-1.040323	-0.389655	0.459037	5.569787
3.790000	2.819123	-0.794186	-0.040551	1.150377	0.547383	-0.984313	-0.394822	0.445463	5.630974
3.800000	2.830607	-0.788690	-0.050111	1.146404	0.551771	-0.927730	-0.399953	0.431890	5.684381
3.810000	2.842051	-0.783151	-0.059103	1.142379	0.556022	-0.870651	-0.405046	0.418321	5.730171
3.820000	2.853454	-0.777570	-0.067523	1.138303	0.560138	-0.813151	-0.410101	0.404760	5.768512
3.830000	2.864817	-0.771949	-0.075365	1.134177	0.564119	-0.755304	-0.415118	0.391213	5.799626
3.840000	2.876138	-0.766289	-0.082628	1.130002	0.567964	-0.697180	-0.420096	0.377682	5.823723
3.850000	2.887416	-0.760590	-0.089308	1.125776	0.571674	-0.638850	-0.425035	0.364172	5.840957
3.860000	2.898653	-0.754856	-0.095404	1.121501	0.575249	-0.580381	-0.429934	0.350688	5.851478
3.870000	2.909846	-0.749086	-0.100915	1.117178	0.578689	-0.521839	-0.434793	0.337232	5.855450
3.880000	2.920996	-0.743282	-0.105841	1.112806	0.581995	-0.463289	-0.439611	0.323809	5.853042
3.890000	2.932102	-0.737446	-0.110181	1.108386	0.585166	-0.404795	-0.444388	0.310423	5.844428
3.900000	2.943164	-0.731579	-0.113937	1.103919	0.588204	-0.346416	-0.449122	0.297077	5.829789
3.910000	2.954181	-0.725683	-0.117110	1.099404	0.591109	-0.288213	-0.453815	0.283774	5.809303
3.920000	2.965152	-0.719758	-0.119702	1.094843	0.593881	-0.230243	-0.458465	0.270519	5.783153
3.930000	2.976077	-0.713805	-0.121716	1.090236	0.596521	-0.172563	-0.463072	0.257315	5.751517
3.940000	2.986956	-0.707828	-0.123155	1.085582	0.599029	-0.115224	-0.467635	0.244165	5.714574
3.950000	2.997789	-0.701825	-0.124022	1.080884	0.601406	-0.058281	-0.472154	0.231072	5.672503
3.960000	3.008574	-0.695800	-0.124322	1.076140	0.603652	-0.001784	-0.476629	0.218040	5.625479
3.970000	3.019311	-0.689753	-0.124059	1.071351	0.605768	0.054220	-0.481058	0.205072	5.573675
3.980000	3.030001	-0.683685	-0.123239	1.066519	0.607755	0.109682	-0.485443	0.192171	5.517260
3.990000	3.040642	-0.677598	-0.121867	1.061643	0.609613	0.164558	-0.489781	0.179340	5.456405
4.000000	3.051233	-0.671493	-0.119950	1.056724	0.611343	0.218804	-0.494073	0.166582	5.391274
4.010000	3.061776	-0.665372	-0.117494	1.051762	0.612946	0.272379	-0.498318	0.153900	5.322030
4.020000	3.072269	-0.659235	-0.114505	1.046758	0.614422	0.325241	-0.502515	0.141297	5.248834
4.030000	3.082711	-0.653084	-0.110991	1.041712	0.615772	0.377341	-0.506688	0.128705	5.171255
4.040000	3.093103	-0.646920	-0.106961	1.036625	0.616997	0.428654	-0.510823	0.116164	5.089759
4.050000	3.103443	-0.640744	-0.102421	1.031496	0.618097	0.479136	-0.514895	0.103758	5.005173
4.060000	3.113732	-0.634558	-0.097381	1.026327	0.619073	0.528757	-0.518906	0.091473	4.917527
4.070000	3.123970	-0.628363	-0.091849	1.021118	0.619926	0.577475	-0.522883	0.079235	4.826230
4.080000	3.134155	-0.622160	-0.085834	1.015870	0.620658	0.625272	-0.526816	0.067073	4.731703
4.090000	3.144287	-0.615950	-0.079347	1.010582	0.621269	0.672112	-0.530681	0.055062	4.634780
4.100000	3.154366	-0.609735	-0.072395	1.005257	0.621761	0.717970	-0.534485	0.043185	4.535435
4.110000	3.164392	-0.603515	-0.064991	0.999893	0.622135	0.762823	-0.538230	0.031433	4.433683
4.120000	3.174364	-0.597293	-0.057142	0.994493	0.622391	0.806647	-0.541920	0.019797	4.329572
4.130000	3.184282	-0.591068	-0.048861	0.989055	0.622532	0.849418	-0.545557	0.008273	4.223172
4.140000	3.194145	-0.584842	-0.040158	0.983582	0.622558	0.891115	-0.549140	-0.003141	4.114573
4.150000	3.203953	-0.578617	-0.031043	0.978073	0.622470	0.931714	-0.552671	-0.014447	4.003877
4.160000	3.213706	-0.572393	-0.021527	0.972529	0.622270	0.971197	-0.556150	-0.025644	3.891193
4.170000	3.223404	-0.566172	-0.011622	0.966950	0.621959	1.009544	-0.559577	-0.036731	3.776638
4.180000	3.233045	-0.559955	-0.001340	0.961338	0.621537	1.046736	-0.562952	-0.047707	3.660331
4.190000	3.242630	-0.553742	0.009308	0.955692	0.621006	1.082757	-0.566273	-0.058570	3.542390
4.200000	3.252159	-0.547535	0.020311	0.950013	0.620366	1.117577	-0.569559	-0.069376	3.422186
4.210000	3.261631	-0.541335	0.031656	0.944301	0.619619	1.151196	-0.572799	-0.080093	3.300233
4.220000	3.271045	-0.535143	0.043331	0.938557	0.618766	1.183591	-0.575973	-0.090652	3.177512
4.230000	3.280402	-0.528960	0.055324	0.932782	0.617807	1.214755	-0.579085	-0.101062	3.053983
4.240000	3.289700	-0.522787	0.067622	0.926976	0.616745	1.244666	-0.582151	-0.111387	2.928882
4.250000	3.298941	-0.516625	0.080213	0.921139	0.615580	1.273330	-0.585166	-0.121601	2.802636
4.260000	3.308123	-0.510476	0.093084	0.915273	0.614314	1.300731	-0.588112	-0.131644	2.676168
4.270000	3.317246	-0.504339	0.106223	0.909377	0.612949	1.326865	-0.590994	-0.141530	2.549383
4.280000	3.326310	-0.498217	0.119617	0.903453	0.611484	1.351715	-0.593827	-0.151320	2.421473
4.290000	3.335315	-0.492110	0.133253	0.897501	0.609923	1.375293	-0.596607	-0.160992	2.292837
4.300000	3.344260	-0.486019	0.147119	0.891521	0.608265	1.397585	-0.599317	-0.170492	2.164376
4.310000	3.353146	-0.479945	0.161201	0.885515	0.606514	1.418593	-0.601963	-0.179832	2.035979
4.320000	3.361971	-0.473889	0.175486	0.879482	0.604669	1.438303	-0.604558	-0.189070	1.906832
4.330000	3.370735	-0.467852	0.189962	0.873424	0.602733	1.456729	-0.607099	-0.198187	1.777319
4.340000	3.379439	-0.461835	0.204616	0.867341	0.600707	1.473863	-0.609570	-0.207131	1.648326
4.350000	3.388082	-0.455838	0.219435	0.861233	0.598592	1.489709	-0.611977	-0.215914	1.519738
4.360000	3.396664	-0.449863	0.234406	0.855101	0.596389	1.504257	-0.614331	-0.224591	1.390749
4.370000	3.405184	-0.443911	0.249516	0.848947	0.594100	1.517525	-0.616629	-0.233143	1.261730
4.380000	3.413642	-0.437981	0.264753	0.842769	0.591727	1.529507	-0.618859	-0.241523	1.133549
4.390000	3.422039	-0.432076	0.280102	0.836570	0.589271	1.540210	-0.621023	-0.249741	1.006086
4.400000	3.430374	-0.426196	0.295552	0.830349	0.586734	1.549642	-0.623123	-0.257805	0.879277
4.410000	3.438646	-0.420342	0.311091	0.824108	0.584116	1.557809	-0.625161	-0.265722	0.753099
4.420000	3.446856	-0.414514	0.326704	0.817846	0.581420	1.564718	-0.627137	-0.273494	0.627560
4.430000	3.455003	-0.408714	0.342381	0.811565	0.578648	1.570374	-0.629051	-0.281124	0.502689
4.440000	3.463087	-0.402942	0.358108	0.805266	0.575799	1.574785	-0.630904	-0.288613	0.378533
4.450000	3.471108	-0.397198	0.373872	0.798947	0.572876	1.577946	-0.632704	-0.295998	0.254458
4.460000	3.479066	-0.391484	0.389662	0.792612	0.569880	1.579877	-0.634446	-0.303260	0.130889
4.470000	3.486960	-0.385801	0.405466	0.786259	0.566812	1.580579	-0.636120	-0.310355	0.008684
4.480000	3.494791	-0.380148	0.421270	0.779890	0.563674	1.580066	-0.637729	-0.317290	-0.112229
4.490000	3.502558	-0.374528	0.437063	0.773505	0.560466	1.578337	-0.639279	-0.324104	-0.232546
4.500000	3.510261	-0.368939	0.452833	0.767104	0.557192	1.575418	-0.640767	-0.330784	-0.351932
4.510000	3.517900	-0.363384	0.468567	0.760689	0.553852	1.571314	-0.642187	-0.337292	-0.469623
4.520000	3.525475	-0.357862	0.484255	0.754261	0.550447	1.566041	-0.643540	-0.343636	-0.585730
4.530000	3.532985	-0.352375	0.499884	0.747819	0.546979	1.559603	-0.644831	-0.349855	-0.700937
4.540000	3.540431	-0.346923	0.515443	0.741364	0.543451	1.552027	-0.646060	-0.355936	-0.814951
4.550000	3.547813	-0.341506	0.530921	0.734898	0.539862	1.543321	-0.647220	-0.361846	-0.927070
4.560000	3.555129	-0.336126	0.546306	0.728420	0.536215	1.533501	-0.648312	-0.367595	-1.037408
4.570000	3.562381	-0.330782	0.561587	0.721932	0.532510	1.522577	-0.649341	-0.373216	-1.146613
4.580000	3.569568	-0.325476	0.576754	0.715434	0.528751	1.510574	-0.650306	-0.378697	-1.254418
4.590000	3.576690	-0.320207	0.591795	0.708926	0.524937	1.497504	-0.651203	-0.384013	-1.360172
4.600000	3.583746	-0.314977	0.606701	0.702410	0.521072	1.483386	-0.652032	-0.389169	-1.464001
4.610000	3.590738	-0.309786	0.621460	0.695886	0.517154	1.468229	-0.652797	-0.394195	-1.566512
4.620000	3.597664	-0.304634	0.636062	0.689354	0.513188	1.452062	-0.653496	-0.399082	-1.667455
4.630000	3.604525	-0.299523	0.650497	0.682816	0.509174	1.434896	-0.654127	-0.403807	-1.766223
4.640000	3.611320	-0.294451	0.664756	0.676272	0.505113	1.416752	-0.654691	-0.408375	-1.862916
4.650000	3.618050	-0.289420	0.678829	0.669722	0.501007	1.397652	-0.655188	-0.412792	-1.957592
4.660000	3.624715	-0.284431	0.692706	0.663168	0.496858	1.377615	-0.655619	-0.417061	-2.050285
4.670000	3.631314	-0.279483	0.706378	0.656610	0.492667	1.356660	-0.655982	-0.421185	-2.141005
4.680000	3.637847	-0.274578	0.719836	0.650049	0.488435	1.334808	-0.656279	-0.425165	-2.229749
4.690000	3.644315	-0.269715	0.733072	0.643485	0.484164	1.312079	-0.656508	-0.429003	-2.316501
4.700000	3.650717	-0.264895	0.746075	0.636919	0.479855	1.288484	-0.656669	-0.432715	-2.401656
4.710000	3.657053	-0.260118	0.758838	0.630352	0.475510	1.264052	-0.656761	-0.436294	-2.484970
4.720000	3.663324	-0.255385	0.771353	0.623784	0.471130	1.238799	-0.656787	-0.439722	-2.565936
4.730000	3.669529	-0.250695	0.783612	0.617216	0.466716	1.212747	-0.656747	-0.443002	-2.644610
4.740000	3.675668	-0.246050	0.795606	0.610649	0.462271	1.185913	-0.656635	-0.446151	-2.721390
4.750000	3.681742	-0.241450	0.807327	0.604084	0.457794	1.158327	-0.656455	-0.449163	-2.796104
4.760000	3.687750	-0.236895	0.818770	0.597520	0.453288	1.130005	-0.656209	-0.452026	-2.868340
4.770000	3.693692	-0.232384	0.829925	0.590960	0.448754	1.100973	-0.655897	-0.454743	-2.938173
4.780000	3.699569	-0.227920	0.840787	0.584403	0.444194	1.071249	-0.655512	-0.457327	-3.005957
4.790000	3.705380	-0.223501	0.851348	0.577850	0.439608	1.040861	-0.655057	-0.459777	-3.071559
4.800000	3.711126	-0.219128	0.861602	0.571302	0.434999	1.009831	-0.654538	-0.462082	-3.134641
4.810000	3.716806	-0.214801	0.871542	0.564759	0.430367	0.978181	-0.653952	-0.464246	-3.195272
4.820000	3.722421	-0.210520	0.881164	0.558223	0.425714	0.945933	-0.653293	-0.466279	-3.253748
4.830000	3.727971	-0.206287	0.890459	0.551693	0.421042	0.913114	-0.652563	-0.468178	-3.309963
4.840000	3.733455	-0.202100	0.899424	0.545172	0.416351	0.879746	-0.651769	-0.469939	-3.363647
4.850000	3.738874	-0.197960	0.908052	0.538658	0.411644	0.845853	-0.650910	-0.471565	-3.414857
4.860000	3.744228	-0.193867	0.916339	0.532154	0.406920	0.811456	-0.649975	-0.473060	-3.463825
4.870000	3.749517	-0.189821	0.924280	0.525659	0.402183	0.776584	-0.648969	-0.474426	-3.510472
4.880000	3.754741	-0.185823	0.931869	0.519174	0.397432	0.741258	-0.647899	-0.475659	-3.554592
4.890000	3.759901	-0.181873	0.939104	0.512701	0.392670	0.705503	-0.646765	-0.476761	-3.596230
4.900000	3.764995	-0.177970	0.945978	0.506239	0.387897	0.669344	-0.645565	-0.477735	-3.635417
4.910000	3.770025	-0.174115	0.952489	0.499790	0.383116	0.632805	-0.644296	-0.478582	-3.672174
4.920000	3.774991	-0.170307	0.958633	0.493353	0.378326	0.595910	-0.642960	-0.479303	-3.706512
4.930000	3.779893	-0.166548	0.964406	0.486930	0.373530	0.558684	-0.641554	-0.479899	-3.738437
4.940000	3.784730	-0.162837	0.969806	0.480522	0.368729	0.521151	-0.640079	-0.480372	-3.767953
4.950000	3.789503	-0.159174	0.974828	0.474129	0.363923	0.483333	-0.638524	-0.480720	-3.795123
4.960000	3.794212	-0.155558	0.979471	0.467752	0.359115	0.445256	-0.636893	-0.480945	-3.819914
4.970000	3.798858	-0.151991	0.983733	0.461391	0.354305	0.406943	-0.635200	-0.481052	-3.842251
4.980000	3.803440	-0.148472	0.987610	0.455048	0.349494	0.368420	-0.633444	-0.481042	-3.862146
4.990000	3.807959	-0.145001	0.991100	0.448723	0.344684	0.329709	-0.631609	-0.480909	-3.879616
5.000000	3.812415	-0.141579	0.994203	0.442416	0.339876	0.290835	-0.629701	-0.480657	-3.894665
5.010000	3.816808	-0.138204	0.996917	0.436129	0.335071	0.251823	-0.627734	-0.480293	-3.907290
5.020000	3.821138	-0.134877	0.999239	0.429861	0.330271	0.212697	-0.625706	-0.479818	-3.917500
5.030000	3.825405	-0.131599	1.001170	0.423615	0.325475	0.173481	-0.623598	-0.479224	-3.925253
5.040000	3.829610	-0.128368	1.002709	0.417390	0.320686	0.134200	-0.621416	-0.478514	-3.930581
5.050000	3.833753	-0.125185	1.003854	0.411186	0.315905	0.094876	-0.619178	-0.477700	-3.933549
5.060000	3.837834	-0.122050	1.004606	0.405006	0.311133	0.055535	-0.616879	-0.476780	-3.934153
5.070000	3.841853	-0.118962	1.004965	0.398849	0.306370	0.016202	-0.614500	-0.475744	-3.932290
5.080000	3.845811	-0.115922	1.004930	0.392716	0.301618	-0.023103	-0.612047	-0.474598	-3.928018
5.090000	3.849707	-0.112930	1.004503	0.386608	0.296878	-0.062353	-0.609539	-0.473354	-3.921464
5.100000	3.853543	-0.109985	1.003683	0.380525	0.292151	-0.101527	-0.606971	-0.472010	-3.912611
5.110000	3.857318	-0.107087	1.002473	0.374469	0.287438	-0.140597	-0.604321	-0.470554	-3.901298
5.120000	3.861032	-0.104236	1.000872	0.368439	0.282740	-0.179545	-0.601598	-0.468993	-3.887605
5.130000	3.864687	-0.101432	0.998882	0.362437	0.278059	-0.218345	-0.598821	-0.467340	-3.871716
5.140000	3.868281	-0.098674	0.996505	0.356462	0.273394	-0.256975	-0.595985	-0.465595	-3.853607
5.150000	3.871816	-0.095964	0.993743	0.350517	0.268747	-0.295413	-0.593087	-0.463755	-3.833264
5.160000	3.875292	-0.093300	0.990598	0.344601	0.264119	-0.333636	-0.590125	-0.461822	-3.810680
5.170000	3.878708	-0.090681	0.987071	0.338714	0.259510	-0.371623	-0.587097	-0.459795	-3.785858
5.180000	3.882066	-0.088109	0.983166	0.332859	0.254923	-0.409350	-0.584003	-0.457675	-3.758803
5.190000	3.885366	-0.085583	0.978885	0.327034	0.250357	-0.446796	-0.580841	-0.455462	-3.729528
5.200000	3.888607	-0.083102	0.974231	0.321242	0.245814	-0.483938	-0.577613	-0.453159	-3.698045
5.210000	3.891791	-0.080666	0.969208	0.315482	0.241294	-0.520754	-0.574317	-0.450766	-3.664372
5.220000	3.894917	-0.078276	0.963817	0.309755	0.236798	-0.557223	-0.570953	-0.448284	-3.628526
5.230000	3.897986	-0.075930	0.958064	0.304063	0.232328	-0.593322	-0.567524	-0.445716	-3.590528
5.240000	3.900998	-0.073629	0.951952	0.298405	0.227884	-0.629031	-0.564028	-0.443062	-3.550397
5.250000	3.903954	-0.071373	0.945485	0.292782	0.223467	-0.664328	-0.560465	-0.440325	-3.508156
5.260000	3.906854	-0.069160	0.938667	0.287195	0.219077	-0.699193	-0.556838	-0.437505	-3.463826
5.270000	3.909698	-0.066991	0.931503	0.281645	0.214717	-0.733603	-0.553145	-0.434605	-3.417431
5.280000	3.912487	-0.064866	0.923997	0.276132	0.210385	-0.767540	-0.549388	-0.431626	-3.368993
5.290000	3.915221	-0.062783	0.916154	0.270657	0.206084	-0.800983	-0.545566	-0.428569	-3.318537
5.300000	3.917900	-0.060744	0.907979	0.265220	0.201814	-0.833910	-0.541680	-0.425437	-3.266085
5.310000	3.920525	-0.058747	0.899477	0.259823	0.197575	-0.866304	-0.537731	-0.422230	-3.211662
5.320000	3.923097	-0.056792	0.890655	0.254466	0.193369	-0.898144	-0.533718	-0.418950	-3.155294
5.330000	3.925615	-0.054879	0.881516	0.249149	0.189196	-0.929410	-0.529643	-0.415598	-3.097003
5.340000	3.928080	-0.053008	0.872068	0.243873	0.185057	-0.960084	-0.525505	-0.412177	-3.036816
5.350000	3.930492	-0.051178	0.862317	0.238638	0.180952	-0.990147	-0.521306	-0.408687	-2.974758
5.360000	3.932853	-0.049389	0.852268	0.233446	0.176883	-1.019580	-0.517045	-0.405131	-2.910848
5.370000	3.935161	-0.047640	0.841927	0.228297	0.172850	-1.048365	-0.512722	-0.401509	-2.845107
5.380000	3.937419	-0.045932	0.831302	0.223192	0.168853	-1.076484	-0.508339	-0.397823	-2.777565
5.390000	3.939625	-0.044263	0.820400	0.218130	0.164893	-1.103918	-0.503895	-0.394075	-2.708251
5.400000	3.941782	-0.042634	0.809226	0.213113	0.160971	-1.130651	-0.499391	-0.390266	-2.637196
5.410000	3.943888	-0.041044	0.797789	0.208142	0.157087	-1.156664	-0.494827	-0.386397	-2.564428
5.420000	3.945945	-0.039492	0.786096	0.203217	0.153243	-1.181942	-0.490204	-0.382470	-2.489976
5.430000	3.947952	-0.037979	0.774153	0.198338	0.149438	-1.206467	-0.485522	-0.378487	-2.413867
5.440000	3.949911	-0.036503	0.761969	0.193506	0.145673	-1.230222	-0.480781	-0.374449	-2.336130
5.450000	3.951823	-0.035065	0.749551	0.188722	0.141949	-1.253192	-0.475982	-0.370357	-2.256793
5.460000	3.953686	-0.033664	0.736908	0.183986	0.138266	-1.275361	-0.471126	-0.366212	-2.175883
5.470000	3.955502	-0.032300	0.724047	0.179299	0.134624	-1.296713	-0.466212	-0.362017	-2.093431
5.480000	3.957272	-0.030971	0.710976	0.174661	0.131025	-1.317234	-0.461241	-0.357772	-2.009462
5.490000	3.958996	-0.029679	0.697705	0.170074	0.127468	-1.336907	-0.456214	-0.353479	-1.924008
5.500000	3.960674	-0.028422	0.684241	0.165537	0.123955	-1.355718	-0.451131	-0.349140	-1.837095
5.510000	3.962307	-0.027200	0.670593	0.161051	0.120485	-1.373653	-0.445993	-0.344756	-1.748753
5.520000	3.963895	-0.026012	0.656771	0.156617	0.117060	-1.390698	-0.440799	-0.340327	-1.659011
5.530000	3.965439	-0.024858	0.642782	0.152234	0.113678	-1.406838	-0.435551	-0.335856	-1.567898
5.540000	3.966940	-0.023738	0.628637	0.147905	0.110342	-1.422061	-0.430249	-0.331344	-1.475443
5.550000	3.968398	-0.022651	0.614344	0.143629	0.107051	-1.436352	-0.424894	-0.326793	-1.381675
5.560000	3.969813	-0.021597	0.599913	0.139407	0.103806	-1.449700	-0.419485	-0.322203	-1.286624
5.570000	3.971186	-0.020575	0.585354	0.135239	0.100607	-1.462090	-0.414024	-0.317575	-1.190319
5.580000	3.972518	-0.019585	0.570675	0.131126	0.097454	-1.473512	-0.408511	-0.312912	-1.092790
5.590000	3.973809	-0.018626	0.555887	0.127068	0.094348	-1.483952	-0.402946	-0.308215	-0.994065
5.600000	3.975059	-0.017698	0.540999	0.123067	0.091290	-1.493399	-0.397331	-0.303484	-0.894173
5.610000	3.976270	-0.016800	0.526022	0.119121	0.088278	-1.501842	-0.391665	-0.298722	-0.793146
5.620000	3.977442	-0.015932	0.510966	0.115233	0.085315	-1.509269	-0.385949	-0.293929	-0.691010
5.630000	3.978575	-0.015093	0.495840	0.111402	0.082399	-1.515669	-0.380184	-0.289106	-0.587797
5.640000	3.979670	-0.014284	0.480656	0.107629	0.079532	-1.521032	-0.374370	-0.284255	-0.483534
5.650000	3.980728	-0.013503	0.465423	0.103914	0.076714	-1.525347	-0.368509	-0.279377	-0.378251
5.660000	3.981749	-0.012749	0.450152	0.100258	0.073944	-1.528604	-0.362600	-0.274473	-0.271977
5.670000	3.982733	-0.012024	0.434855	0.096662	0.071224	-1.530794	-0.356644	-0.269545	-0.164740
5.680000	3.983682	-0.011325	0.419540	0.093125	0.068553	-1.531906	-0.350642	-0.264593	-0.056570
5.690000	3.984596	-0.010652	0.404220	0.089649	0.065932	-1.531933	-0.344594	-0.259619	0.052506
5.700000	3.985475	-0.010006	0.388905	0.086233	0.063360	-1.530864	-0.338501	-0.254624	0.162459
5.710000	3.986321	-0.009385	0.373606	0.082878	0.060839	-1.528692	-0.332364	-0.249608	0.273260
5.720000	3.987133	-0.008789	0.358335	0.079585	0.058368	-1.525407	-0.326184	-0.244574	0.384883
5.730000	3.987913	-0.008217	0.343102	0.076354	0.055947	-1.521003	-0.319960	-0.239521	0.497298
5.740000	3.988660	-0.007670	0.327919	0.073185	0.053577	-1.515470	-0.313694	-0.234452	0.610479
5.750000	3.989376	-0.007146	0.312797	0.070080	0.051257	-1.508802	-0.307387	-0.229366	0.724399
5.760000	3.990062	-0.006645	0.297747	0.067037	0.048989	-1.500991	-0.301038	-0.224266	0.839029
5.770000	3.990717	-0.006166	0.282781	0.064058	0.046772	-1.492030	-0.294650	-0.219151	0.954344
5.780000	3.991343	-0.005709	0.267910	0.061144	0.044606	-1.481913	-0.288221	-0.214024	1.070318
5.790000	3.991940	-0.005273	0.253146	0.058293	0.042491	-1.470633	-0.281754	-0.208885	1.186922
5.800000	3.992509	-0.004859	0.238501	0.055508	0.040427	-1.458184	-0.275249	-0.203734	1.304133
5.810000	3.993051	-0.004465	0.223986	0.052788	0.038416	-1.444560	-0.268707	-0.198573	1.421924
5.820000	3.993565	-0.004090	0.209614	0.050133	0.036455	-1.429755	-0.262128	-0.193403	1.540271
5.830000	3.994054	-0.003735	0.195395	0.047545	0.034547	-1.413764	-0.255514	-0.188224	1.659147
5.840000	3.994517	-0.003399	0.181343	0.045022	0.032691	-1.396582	-0.248864	-0.183037	1.778530
5.850000	3.994954	-0.003081	0.167468	0.042567	0.030886	-1.378204	-0.242180	-0.177843	1.898394
5.860000	3.995368	-0.002781	0.153783	0.040178	0.029133	-1.358624	-0.235463	-0.172643	2.018716
5.870000	3.995758	-0.002499	0.140299	0.037857	0.027433	-1.337840	-0.228713	-0.167438	2.139473
5.880000	3.996125	-0.002233	0.127030	0.035604	0.025784	-1.315845	-0.221931	-0.162227	2.260642
5.890000	3.996471	-0.001983	0.113987	0.033418	0.024187	-1.292637	-0.215119	-0.157012	2.382200
5.900000	3.996794	-0.001749	0.101181	0.031301	0.022643	-1.268212	-0.208276	-0.151794	2.504126
5.910000	3.997097	-0.001530	0.088626	0.029252	0.021151	-1.242565	-0.201404	-0.146573	2.626398
5.920000	3.997379	-0.001325	0.076334	0.027272	0.019711	-1.215694	-0.194504	-0.141349	2.748996
5.930000	3.997642	-0.001135	0.064317	0.025361	0.018324	-1.187596	-0.187576	-0.136124	2.871899
5.940000	3.997887	-0.000959	0.052586	0.023520	0.016988	-1.158267	-0.180621	-0.130897	2.995086
5.950000	3.998113	-0.000795	0.041155	0.021748	0.015705	-1.127705	-0.173641	-0.125670	3.118539
5.960000	3.998322	-0.000645	0.030036	0.020046	0.014474	-1.095907	-0.166635	-0.120442	3.242239
5.970000	3.998514	-0.000506	0.019241	0.018415	0.013296	-1.062871	-0.159606	-0.115214	3.366168
5.980000	3.998691	-0.000378	0.008783	0.016854	0.012170	-1.028595	-0.152554	-0.109987	3.490308
5.990000	3.998852	-0.000262	-0.001326	0.015363	0.011096	-0.993077	-0.145479	-0.104760	3.614643
6.000000	3.998998	-0.000156	-0.011074	0.013943	0.010074	-0.956314	-0.138384	-0.099535	3.739155
6.010000	3.999131	-0.000061	-0.020448	0.012595	0.009104	-0.918305	-0.131268	-0.094311	3.863829
6.020000	3.999250	0.000026	-0.029436	0.011318	0.008187	-0.879048	-0.124133	-0.089089	3.988650
6.030000	3.999357	0.000103	-0.038025	0.010112	0.007322	-0.838543	-0.116979	-0.083869	4.113605
6.040000	3.999453	0.000173	-0.046203	0.008977	0.006509	-0.796788	-0.109809	-0.078650	4.238678
6.050000	3.999537	0.000234	-0.053957	0.007915	0.005749	-0.753781	-0.102622	-0.073434	4.363858
6.060000	3.999611	0.000288	-0.061274	0.006924	0.005040	-0.709522	-0.095419	-0.068221	4.489132
6.070000	3.999676	0.000335	-0.068143	0.006006	0.004384	-0.664010	-0.088203	-0.063009	4.614489
6.080000	3.999732	0.000376	-0.074550	0.005160	0.003779	-0.617244	-0.080973	-0.057800	4.739918
6.090000	3.999779	0.000411	-0.080484	0.004386	0.003227	-0.569223	-0.073731	-0.052594	4.865410
6.100000	3.999819	0.000440	-0.085930	0.003684	0.002727	-0.519948	-0.066478	-0.047390	4.990954
6.110000	3.999853	0.000465	-0.090878	0.003055	0.002279	-0.469416	-0.059214	-0.042188	5.116544
6.120000	3.999881	0.000486	-0.095314	0.002499	0.001883	-0.417628	-0.051942	-0.036988	5.242171
