0.000000	0.000000	0.000000	0.000000	0.000000	0.000000	0.000000	0.000000	0.000000	0.000000
0.010000	0.000003	-0.000003	0.000000	0.001037	-0.000979	0.000000	0.206064	-0.193852	0.000000
0.020000	0.000027	-0.000026	0.000000	0.004095	-0.003837	0.000000	0.404194	-0.375711	0.000000
0.030000	0.000092	-0.000086	0.000000	0.009095	-0.008454	0.000000	0.594491	-0.545785	0.000000
0.040000	0.000216	-0.000200	0.000000	0.015959	-0.014714	0.000000	0.777057	-0.704287	0.000000
0.050000	0.000417	-0.000385	0.000000	0.024610	-0.022502	0.000000	0.951994	-0.851425	0.000000
0.060000	0.000713	-0.000655	0.000000	0.034974	-0.031706	0.000000	1.119404	-0.987411	0.000000
0.070000	0.001122	-0.001024	0.000000	0.046974	-0.042214	0.000000	1.279388	-1.112455	0.000000
0.080000	0.001658	-0.001503	0.000000	0.060537	-0.053919	0.000000	1.432048	-1.226768	0.000000
0.090000	0.002338	-0.002106	0.000000	0.075591	-0.066714	0.000000	1.577485	-1.330558	0.000000
0.100000	0.003175	-0.002841	0.000000	0.092063	-0.080496	0.000000	1.715801	-1.424038	0.000000
0.110000	0.004183	-0.003719	0.000000	0.109883	-0.095161	0.000000	1.847098	-1.507418	0.000000
0.120000	0.005377	-0.004747	0.000000	0.128982	-0.110611	0.000000	1.971478	-1.580907	0.000000
0.130000	0.006767	-0.005933	0.000000	0.149290	-0.126747	0.000000	2.089041	-1.644716	0.000000
0.140000	0.008366	-0.007284	0.000000	0.170740	-0.143474	0.000000	2.199891	-1.699056	0.000000
0.150000	0.010185	-0.008804	0.000000	0.193266	-0.160697	0.000000	2.304128	-1.744137	0.000000
0.160000	0.012235	-0.010499	0.000000	0.216801	-0.178326	0.000000	2.401854	-1.780169	0.000000
0.170000	0.014525	-0.012372	0.000000	0.241282	-0.196271	0.000000	2.493171	-1.807363	0.000000
0.180000	0.017064	-0.014425	0.000000	0.266644	-0.214445	0.000000	2.578180	-1.825929	0.000000
0.190000	0.019860	-0.016661	0.000000	0.292825	-0.232762	0.000000	2.656983	-1.836078	0.000000
0.200000	0.022923	-0.019081	0.000000	0.319763	-0.251139	0.000000	2.729682	-1.838019	0.000000
0.210000	0.026258	-0.021684	0.000000	0.347398	-0.269496	0.000000	2.796378	-1.831963	0.000000
0.220000	0.029873	-0.024470	0.000000	0.375671	-0.287752	0.000000	2.857174	-1.818121	0.000000
0.230000	0.033773	-0.027438	0.000000	0.404522	-0.305833	0.000000	2.912170	-1.796703	0.000000
0.240000	0.037965	-0.030586	0.000000	0.433895	-0.323662	0.000000	2.961469	-1.767920	0.000000
0.250000	0.042453	-0.033911	0.000000	0.463733	-0.341167	0.000000	3.005171	-1.731981	0.000000
0.260000	0.047241	-0.037408	0.000000	0.493980	-0.358278	0.000000	3.043380	-1.689097	0.000000
0.270000	0.052333	-0.041075	0.000000	0.524583	-0.374927	0.000000	3.076195	-1.639479	0.000000
0.280000	0.057733	-0.044905	0.000000	0.555487	-0.391046	0.000000	3.103720	-1.583337	0.000000
0.290000	0.063444	-0.048893	0.000000	0.586640	-0.406572	0.000000	3.126056	-1.520881	0.000000
0.300000	0.069467	-0.053034	0.000000	0.617991	-0.421443	0.000000	3.143303	-1.452322	0.000000
0.310000	0.075804	-0.057320	0.000000	0.649489	-0.435599	0.000000	3.155565	-1.377869	0.000000
0.320000	0.082457	-0.061744	0.000000	0.681086	-0.448982	0.000000	3.162943	-1.297734	0.000000
0.330000	0.089426	-0.066297	0.000000	0.712732	-0.461536	0.000000	3.165538	-1.212127	0.000000
0.340000	0.096712	-0.070971	0.000000	0.744381	-0.473207	0.000000	3.163452	-1.121258	0.000000
0.350000	0.104314	-0.075758	0.000000	0.775986	-0.483944	0.000000	3.156786	-1.025338	0.000000
0.360000	0.112231	-0.080647	0.000000	0.807502	-0.493698	0.000000	3.145643	-0.924576	0.000000
0.370000	0.120463	-0.085628	0.000000	0.838884	-0.502420	0.000000	3.130124	-0.819184	0.000000
0.380000	0.129008	-0.090692	0.000000	0.870090	-0.510066	0.000000	3.110330	-0.709371	0.000000
0.390000	0.137864	-0.095826	0.000000	0.901077	-0.516594	0.000000	3.086364	-0.595349	0.000000
0.400000	0.147029	-0.101020	0.000000	0.931804	-0.521960	0.000000	3.058327	-0.477327	0.000000
0.410000	0.156499	-0.106261	0.000000	0.962230	-0.526127	0.000000	3.026320	-0.355516	0.000000
0.420000	0.166272	-0.111538	0.000000	0.992317	-0.529059	0.000000	2.990446	-0.230126	0.000000
0.430000	0.176344	-0.116838	0.000000	1.022026	-0.530719	0.000000	2.950805	-0.101367	0.000000
0.440000	0.186712	-0.122148	0.000000	1.051321	-0.531075	0.000000	2.907500	0.030549	0.000000
0.450000	0.197369	-0.127455	0.000000	1.080165	-0.530098	0.000000	2.860633	0.165413	0.000000
0.460000	0.208313	-0.132746	0.000000	1.108522	-0.527758	0.000000	2.810304	0.303014	0.000000
0.470000	0.219538	-0.138006	0.000000	1.136360	-0.524029	0.000000	2.756616	0.443142	0.000000
0.480000	0.231039	-0.143221	0.000000	1.163644	-0.518887	0.000000	2.699671	0.585587	0.000000
0.490000	0.242809	-0.148379	0.000000	1.190342	-0.512310	0.000000	2.639569	0.730138	0.000000
0.500000	0.254843	-0.153463	0.000000	1.216425	-0.504278	0.000000	2.576412	0.876585	0.000000
0.510000	0.267135	-0.158459	0.000000	1.241861	-0.494773	0.000000	2.510303	1.024717	0.000000
0.520000	0.279678	-0.163353	0.000000	1.266621	-0.483779	0.000000	2.441343	1.174324	0.000000
0.530000	0.292465	-0.168130	0.000000	1.290679	-0.471282	0.000000	2.369634	1.325195	0.000000
0.540000	0.305489	-0.172774	0.000000	1.314005	-0.457272	0.000000	2.295276	1.477121	0.000000
0.550000	0.318743	-0.177270	0.000000	1.336576	-0.441737	0.000000	2.218373	1.629890	0.000000
0.560000	0.332218	-0.181604	0.000000	1.358365	-0.424672	0.000000	2.139025	1.783294	0.000000
0.570000	0.345908	-0.185759	0.000000	1.379348	-0.406070	0.000000	2.057334	1.937120	0.000000
0.580000	0.359803	-0.189720	0.000000	1.399504	-0.385929	0.000000	1.973402	2.091159	0.000000
0.590000	0.373895	-0.193472	0.000000	1.418809	-0.364247	0.000000	1.887331	2.245200	0.000000
0.600000	0.388176	-0.197000	0.000000	1.437244	-0.341025	0.000000	1.799222	2.399033	0.000000
0.610000	0.402637	-0.200287	0.000000	1.454787	-0.316267	0.000000	1.709177	2.552448	0.000000
0.620000	0.417269	-0.203320	0.000000	1.471421	-0.289978	0.000000	1.617297	2.705234	0.000000
0.630000	0.432062	-0.206082	0.000000	1.487127	-0.262166	0.000000	1.523684	2.857180	0.000000
0.640000	0.447008	-0.208558	0.000000	1.501889	-0.232838	0.000000	1.428440	3.008077	0.000000
0.650000	0.462097	-0.210734	0.000000	1.515691	-0.202008	0.000000	1.331667	3.157715	0.000000
0.660000	0.477318	-0.212593	0.000000	1.528518	-0.169689	0.000000	1.233466	3.305881	0.000000
0.670000	0.492664	-0.214123	0.000000	1.540356	-0.135896	0.000000	1.133939	3.452367	0.000000
0.680000	0.508122	-0.215306	0.000000	1.551193	-0.100648	0.000000	1.033187	3.596963	0.000000
0.690000	0.523684	-0.216131	0.000000	1.561016	-0.063964	0.000000	0.931312	3.739456	0.000000
0.700000	0.539339	-0.216581	0.000000	1.569815	-0.025867	0.000000	0.828416	3.879638	0.000000
0.710000	0.555077	-0.216643	0.000000	1.577581	0.013620	0.000000	0.724601	4.017297	0.000000
0.720000	0.570887	-0.216304	0.000000	1.584305	0.054470	0.000000	0.619967	4.152224	0.000000
0.730000	0.586760	-0.215550	0.000000	1.589978	0.096655	0.000000	0.514618	4.284208	0.000000
0.740000	0.602683	-0.214367	0.000000	1.594595	0.140144	0.000000	0.408654	4.413038	0.000000
0.750000	0.618648	-0.212742	0.000000	1.598150	0.184905	0.000000	0.302177	4.538505	0.000000
0.760000	0.634643	-0.210664	0.000000	1.600637	0.230902	0.000000	0.195288	4.660397	0.000000
0.770000	0.650657	-0.208120	0.000000	1.602054	0.278100	0.000000	0.088090	4.778505	0.000000
0.780000	0.666680	-0.205099	0.000000	1.602398	0.326459	0.000000	-0.019315	4.892619	0.000000
0.790000	0.682702	-0.201587	0.000000	1.601668	0.375938	0.000000	-0.126827	5.002526	0.000000
0.800000	0.698710	-0.197576	0.000000	1.599862	0.426495	0.000000	-0.234344	5.108019	0.000000
0.810000	0.714695	-0.193054	0.000000	1.596981	0.478083	0.000000	-0.341763	5.208885	0.000000
0.820000	0.730646	-0.188011	0.000000	1.593027	0.530656	0.000000	-0.448984	5.304914	0.000000
0.830000	0.746552	-0.182438	0.000000	1.588002	0.584165	0.000000	-0.555905	5.395897	0.000000
0.840000	0.762403	-0.176325	0.000000	1.581910	0.638557	0.000000	-0.662423	5.481623	0.000000
0.850000	0.778187	-0.169664	0.000000	1.574756	0.693779	0.000000	-0.768438	5.561881	0.000000
0.860000	0.793894	-0.162447	0.000000	1.566544	0.749775	0.000000	-0.873847	5.636461	0.000000
0.870000	0.809514	-0.154666	0.000000	1.557281	0.806489	0.000000	-0.978549	5.705153	0.000000
0.880000	0.825036	-0.146315	0.000000	1.546975	0.863858	0.000000	-1.082443	5.767746	0.000000
0.890000	0.840450	-0.137387	0.000000	1.535635	0.921822	0.000000	-1.185426	5.824030	0.000000
0.900000	0.855746	-0.127877	0.000000	1.523270	0.980317	0.000000	-1.287397	5.873795	0.000000
0.910000	0.870912	-0.117779	0.000000	1.509891	1.039276	0.000000	-1.388255	5.916830	0.000000
0.920000	0.885940	-0.107090	0.000000	1.495509	1.098631	0.000000	-1.487897	5.952924	0.000000
0.930000	0.900819	-0.095805	0.000000	1.480137	1.158311	0.000000	-1.586222	5.981868	0.000000
0.940000	0.915540	-0.083923	0.000000	1.463789	1.218243	0.000000	-1.683129	6.003451	0.000000
0.950000	0.930092	-0.071440	0.000000	1.446480	1.278354	0.000000	-1.778515	6.017463	0.000000
0.960000	0.944466	-0.058355	0.000000	1.428224	1.338567	0.000000	-1.872279	6.023693	0.000000
0.970000	0.958653	-0.044668	0.000000	1.409040	1.398802	0.000000	-1.964320	6.021931	0.000000
0.980000	0.972644	-0.030380	0.000000	1.388944	1.458978	0.000000	-2.054535	6.011966	0.000000
0.990000	0.986429	-0.015489	0.000000	1.367956	1.519013	0.000000	-2.142823	5.993588	0.000000
1.000000	1.000000	-0.000000	0.000000	1.346094	1.578821	0.000000	-2.229083	5.966587	0.000000
1.010000	1.013348	0.016086	0.000000	1.323381	1.638315	0.000000	-2.313229	5.930824	0.000000
1.020000	1.026465	0.032765	0.000000	1.299837	1.697409	0.000000	-2.395245	5.886449	0.000000
1.030000	1.039342	0.050033	0.000000	1.275483	1.756016	0.000000	-2.475131	5.833681	0.000000
1.040000	1.051972	0.067883	0.000000	1.250341	1.814055	0.000000	-2.552887	5.772743	0.000000
1.050000	1.064346	0.086311	0.000000	1.224433	1.871445	0.000000	-2.628512	5.703854	0.000000
1.060000	1.076458	0.105310	0.000000	1.197778	1.928106	0.000000	-2.702007	5.627236	0.000000
1.070000	1.088300	0.124871	0.000000	1.170400	1.983964	0.000000	-2.773371	5.543109	0.000000
1.080000	1.099864	0.144986	0.000000	1.142318	2.038944	0.000000	-2.842606	5.451694	0.000000
1.090000	1.111144	0.165647	0.000000	1.113555	2.092975	0.000000	-2.909710	5.353212	0.000000
1.100000	1.122133	0.186842	0.000000	1.084131	2.145986	0.000000	-2.974684	5.247885	0.000000
1.110000	1.132824	0.208563	0.000000	1.054068	2.197910	0.000000	-3.037527	5.135932	0.000000
1.120000	1.143212	0.230797	0.000000	1.023387	2.248683	0.000000	-3.098240	5.017574	0.000000
1.130000	1.153290	0.253532	0.000000	0.992110	2.298241	0.000000	-3.156823	4.893033	0.000000
1.140000	1.163052	0.276757	0.000000	0.960258	2.346524	0.000000	-3.213276	4.762530	0.000000
1.150000	1.172493	0.300458	0.000000	0.927852	2.393473	0.000000	-3.267598	4.626284	0.000000
1.160000	1.181607	0.324622	0.000000	0.894913	2.439031	0.000000	-3.319790	4.484518	0.000000
1.170000	1.190390	0.349234	0.000000	0.861463	2.483145	0.000000	-3.369852	4.337451	0.000000
1.180000	1.198835	0.374280	0.000000	0.827523	2.525763	0.000000	-3.417783	4.185305	0.000000
1.190000	1.206939	0.399744	0.000000	0.793115	2.566835	0.000000	-3.463584	4.028301	0.000000
1.200000	1.214696	0.425611	0.000000	0.758259	2.606314	0.000000	-3.507255	3.866658	0.000000
1.210000	1.222102	0.451865	0.000000	0.722977	2.644154	0.000000	-3.548796	3.700599	0.000000
1.220000	1.229154	0.478489	0.000000	0.687290	2.680312	0.000000	-3.588206	3.530344	0.000000
1.230000	1.235847	0.505466	0.000000	0.651220	2.714747	0.000000	-3.625486	3.356114	0.000000
1.240000	1.242177	0.532778	0.000000	0.614787	2.747422	0.000000	-3.660636	3.178130	0.000000
1.250000	1.248142	0.560408	0.000000	0.578014	2.778298	0.000000	-3.693655	2.996612	0.000000
1.260000	1.253736	0.588338	0.000000	0.540921	2.807343	0.000000	-3.724545	2.811781	0.000000
1.270000	1.258959	0.616549	0.000000	0.503530	2.834523	0.000000	-3.753303	2.623859	0.000000
1.280000	1.263806	0.645022	0.000000	0.465862	2.859810	0.000000	-3.779932	2.433066	0.000000
1.290000	1.268275	0.673738	0.000000	0.427939	2.883176	0.000000	-3.804430	2.239622	0.000000
1.300000	1.272364	0.702679	0.000000	0.389781	2.904595	0.000000	-3.826798	2.043750	0.000000
1.310000	1.276070	0.731824	0.000000	0.351410	2.924044	0.000000	-3.847036	1.845669	0.000000
1.320000	1.279392	0.761153	0.000000	0.312847	2.941501	0.000000	-3.865144	1.645600	0.000000
1.330000	1.282327	0.790647	0.000000	0.274114	2.956950	0.000000	-3.881121	1.443765	0.000000
1.340000	1.284873	0.820285	0.000000	0.235232	2.970372	0.000000	-3.894968	1.240384	0.000000
1.350000	1.287031	0.850048	0.000000	0.196222	2.981753	0.000000	-3.906684	1.035677	0.000000
1.360000	1.288798	0.879914	0.000000	0.157105	2.991081	0.000000	-3.916270	0.829867	0.000000
1.370000	1.290173	0.909863	0.000000	0.117904	2.998347	0.000000	-3.923726	0.623173	0.000000
1.380000	1.291155	0.939874	0.000000	0.078638	3.003543	0.000000	-3.929052	0.415817	0.000000
1.390000	1.291745	0.969926	0.000000	0.039330	3.006662	0.000000	-3.932248	0.208019	0.000000
1.400000	1.291942	1.000000	0.000000	0.000000	3.007702	0.000000	-3.933313	-0.000000	0.000000
1.410000	1.291745	1.030074	0.000000	-0.039330	3.006662	0.000000	-3.932248	-0.208019	0.000000
1.420000	1.291155	1.060126	0.000000	-0.078638	3.003543	0.000000	-3.929052	-0.415817	0.000000
1.430000	1.290173	1.090137	0.000000	-0.117904	2.998347	0.000000	-3.923726	-0.623173	0.000000
1.440000	1.288798	1.120086	0.000000	-0.157105	2.991081	0.000000	-3.916270	-0.829867	0.000000
1.450000	1.287031	1.149952	0.000000	-0.196222	2.981753	0.000000	-3.906684	-1.035678	0.000000
1.460000	1.284873	1.179715	0.000000	-0.235232	2.970372	0.000000	-3.894968	-1.240384	0.000000
1.470000	1.282327	1.209353	0.000000	-0.274114	2.956950	0.000000	-3.881121	-1.443765	0.000000
1.480000	1.279392	1.238847	0.000000	-0.312847	2.941501	0.000000	-3.865144	-1.645600	0.000000
1.490000	1.276070	1.268176	0.000000	-0.351410	2.924044	0.000000	-3.847036	-1.845669	0.000000
1.500000	1.272364	1.297321	0.000000	-0.389781	2.904595	0.000000	-3.826798	-2.043750	0.000000
1.510000	1.268275	1.326262	0.000000	-0.427939	2.883176	0.000000	-3.804430	-2.239622	0.000000
1.520000	1.263806	1.354978	0.000000	-0.465862	2.859810	0.000000	-3.779932	-2.433066	0.000000
1.530000	1.258959	1.383451	0.000000	-0.503530	2.834523	0.000000	-3.753304	-2.623859	0.000000
1.540000	1.253736	1.411662	0.000000	-0.540921	2.807343	0.000000	-3.724545	-2.811781	0.000000
1.550000	1.248142	1.439592	0.000000	-0.578014	2.778298	0.000000	-3.693655	-2.996612	0.000000
1.560000	1.242177	1.467222	0.000000	-0.614787	2.747422	0.000000	-3.660636	-3.178130	0.000000
1.570000	1.235847	1.494534	0.000000	-0.651220	2.714747	0.000000	-3.625486	-3.356114	0.000000
1.580000	1.229154	1.521511	0.000000	-0.687290	2.680312	0.000000	-3.588206	-3.530344	0.000000
1.590000	1.222102	1.548135	0.000000	-0.722977	2.644154	0.000000	-3.548796	-3.700599	0.000000
1.600000	1.214696	1.574389	0.000000	-0.758259	2.606314	0.000000	-3.507255	-3.866659	0.000000
1.610000	1.206939	1.600256	0.000000	-0.793115	2.566835	0.000000	-3.463584	-4.028301	0.000000
1.620000	1.198835	1.625720	0.000000	-0.827523	2.525763	0.000000	-3.417783	-4.185305	0.000000
1.630000	1.190390	1.650766	0.000000	-0.861463	2.483145	0.000000	-3.369852	-4.337451	0.000000
1.640000	1.181607	1.675378	0.000000	-0.894913	2.439031	0.000000	-3.319790	-4.484518	0.000000
1.650000	1.172493	1.699542	0.000000	-0.927852	2.393473	0.000000	-3.267598	-4.626284	0.000000
1.660000	1.163052	1.723243	0.000000	-0.960258	2.346524	0.000000	-3.213276	-4.762530	0.000000
1.670000	1.153290	1.746468	0.000000	-0.992110	2.298241	0.000000	-3.156823	-4.893034	0.000000
1.680000	1.143212	1.769203	0.000000	-1.023387	2.248683	0.000000	-3.098240	-5.017574	0.000000
1.690000	1.132824	1.791437	0.000000	-1.054068	2.197910	0.000000	-3.037527	-5.135932	0.000000
1.700000	1.122133	1.813158	0.000000	-1.084131	2.145986	0.000000	-2.974684	-5.247885	0.000000
1.710000	1.111144	1.834353	0.000000	-1.113555	2.092975	0.000000	-2.909710	-5.353212	0.000000
1.720000	1.099864	1.855014	0.000000	-1.142318	2.038944	0.000000	-2.842606	-5.451694	0.000000
1.730000	1.088300	1.875129	0.000000	-1.170400	1.983964	0.000000	-2.773371	-5.543109	0.000000
1.740000	1.076458	1.894690	0.000000	-1.197778	1.928106	0.000000	-2.702007	-5.627236	0.000000
1.750000	1.064346	1.913689	0.000000	-1.224433	1.871445	0.000000	-2.628512	-5.703854	0.000000
1.760000	1.051972	1.932117	0.000000	-1.250341	1.814055	0.000000	-2.552887	-5.772743	0.000000
1.770000	1.039342	1.949967	0.000000	-1.275483	1.756016	0.000000	-2.475131	-5.833682	0.000000
1.780000	1.026465	1.967235	0.000000	-1.299837	1.697409	0.000000	-2.395245	-5.886449	0.000000
1.790000	1.013348	1.983914	0.000000	-1.323381	1.638315	0.000000	-2.313229	-5.930825	0.000000
1.800000	1.000000	2.000000	0.000000	-1.346094	1.578821	0.000000	-2.229083	-5.966587	0.000000
1.810000	0.986429	2.015489	0.000000	-1.367956	1.519013	0.000000	-2.142823	-5.993588	0.000000
1.820000	0.972644	2.030379	0.000000	-1.388944	1.458978	0.000000	-2.054535	-6.011966	0.000000
1.830000	0.958653	2.044668	0.000000	-1.409040	1.398801	0.000000	-1.964320	-6.021931	0.000000
1.840000	0.944466	2.058355	0.000000	-1.428225	1.338567	0.000000	-1.872279	-6.023693	0.000000
1.850000	0.930092	2.071440	0.000000	-1.446480	1.278354	0.000000	-1.778515	-6.017463	0.000000
1.860000	0.915540	2.083923	0.000000	-1.463789	1.218243	0.000000	-1.683129	-6.003451	0.000000
1.870000	0.900819	2.095805	0.000000	-1.480137	1.158310	0.000000	-1.586222	-5.981868	0.000000
1.880000	0.885940	2.107090	0.000000	-1.495509	1.098630	0.000000	-1.487897	-5.952924	0.000000
1.890000	0.870912	2.117779	0.000000	-1.509891	1.039276	0.000000	-1.388255	-5.916830	0.000000
1.900000	0.855746	2.127877	0.000000	-1.523270	0.980317	0.000000	-1.287397	-5.873795	0.000000
1.910000	0.840450	2.137387	0.000000	-1.535635	0.921822	0.000000	-1.185426	-5.824030	0.000000
1.920000	0.825036	2.146315	0.000000	-1.546975	0.863858	0.000000	-1.082443	-5.767746	0.000000
1.930000	0.809514	2.154666	0.000000	-1.557281	0.806488	0.000000	-0.978549	-5.705153	0.000000
1.940000	0.793894	2.162447	0.000000	-1.566544	0.749775	0.000000	-0.873847	-5.636461	0.000000
1.950000	0.778187	2.169664	0.000000	-1.574756	0.693779	0.000000	-0.768438	-5.561881	0.000000
1.960000	0.762403	2.176325	0.000000	-1.581910	0.638557	0.000000	-0.662423	-5.481623	0.000000
1.970000	0.746552	2.182438	0.000000	-1.588002	0.584165	0.000000	-0.555905	-5.395897	0.000000
1.980000	0.730646	2.188011	0.000000	-1.593027	0.530656	0.000000	-0.448984	-5.304914	0.000000
1.990000	0.714695	2.193054	0.000000	-1.596981	0.478083	0.000000	-0.341763	-5.208884	0.000000
2.000000	0.698710	2.197576	0.000000	-1.599862	0.426495	0.000000	-0.234344	-5.108018	0.000000
2.010000	0.682702	2.201587	0.000000	-1.601668	0.375938	0.000000	-0.126827	-5.002526	0.000000
2.020000	0.666680	2.205099	0.000000	-1.602398	0.326459	0.000000	-0.019315	-4.892618	0.000000
2.030000	0.650657	2.208120	0.000000	-1.602054	0.278100	0.000000	0.088091	-4.778505	0.000000
2.040000	0.634643	2.210664	0.000000	-1.600637	0.230902	0.000000	0.195288	-4.660397	0.000000
2.050000	0.618648	2.212742	0.000000	-1.598150	0.184905	0.000000	0.302177	-4.538505	0.000000
2.060000	0.602683	2.214367	0.000000	-1.594595	0.140144	0.000000	0.408654	-4.413038	0.000000
2.070000	0.586760	2.215550	0.000000	-1.589978	0.096655	0.000000	0.514618	-4.284208	0.000000
2.080000	0.570887	2.216304	0.000000	-1.584305	0.054470	0.000000	0.619967	-4.152224	0.000000
2.090000	0.555077	2.216643	0.000000	-1.577581	0.013620	0.000000	0.724601	-4.017297	0.000000
2.100000	0.539339	2.216581	0.000000	-1.569815	-0.025867	0.000000	0.828416	-3.879638	0.000000
2.110000	0.523684	2.216131	0.000000	-1.561016	-0.063964	0.000000	0.931312	-3.739456	0.000000
2.120000	0.508122	2.215306	0.000000	-1.551193	-0.100648	0.000000	1.033187	-3.596962	0.000000
2.130000	0.492664	2.214123	0.000000	-1.540356	-0.135896	0.000000	1.133939	-3.452367	0.000000
2.140000	0.477318	2.212593	0.000000	-1.528518	-0.169689	0.000000	1.233466	-3.305881	0.000000
2.150000	0.462097	2.210734	0.000000	-1.515691	-0.202008	0.000000	1.331667	-3.157714	0.000000
2.160000	0.447008	2.208558	0.000000	-1.501889	-0.232838	0.000000	1.428441	-3.008077	0.000000
2.170000	0.432062	2.206082	0.000000	-1.487127	-0.262166	0.000000	1.523684	-2.857180	0.000000
2.180000	0.417269	2.203320	0.000000	-1.471421	-0.289978	0.000000	1.617297	-2.705233	0.000000
2.190000	0.402637	2.200287	0.000000	-1.454787	-0.316267	0.000000	1.709177	-2.552448	0.000000
2.200000	0.388176	2.197000	0.000000	-1.437244	-0.341025	0.000000	1.799222	-2.399033	0.000000
2.210000	0.373895	2.193472	0.000000	-1.418809	-0.364247	0.000000	1.887331	-2.245200	0.000000
2.220000	0.359803	2.189720	0.000000	-1.399504	-0.385929	0.000000	1.973403	-2.091158	0.000000
2.230000	0.345908	2.185759	0.000000	-1.379348	-0.406070	0.000000	2.057334	-1.937120	0.000000
2.240000	0.332218	2.181604	0.000000	-1.358365	-0.424672	0.000000	2.139025	-1.783293	0.000000
2.250000	0.318743	2.177270	0.000000	-1.336576	-0.441737	0.000000	2.218373	-1.629890	0.000000
2.260000	0.305489	2.172774	0.000000	-1.314005	-0.457272	0.000000	2.295276	-1.477121	0.000000
2.270000	0.292465	2.168130	0.000000	-1.290679	-0.471282	0.000000	2.369634	-1.325195	0.000000
2.280000	0.279678	2.163353	0.000000	-1.266621	-0.483779	0.000000	2.441343	-1.174323	0.000000
2.290000	0.267135	2.158459	0.000000	-1.241861	-0.494773	0.000000	2.510303	-1.024716	0.000000
2.300000	0.254843	2.153463	0.000000	-1.216425	-0.504278	0.000000	2.576413	-0.876585	0.000000
2.310000	0.242809	2.148379	0.000000	-1.190342	-0.512310	0.000000	2.639569	-0.730138	0.000000
2.320000	0.231039	2.143221	0.000000	-1.163644	-0.518887	0.000000	2.699671	-0.585587	0.000000
2.330000	0.219538	2.138006	0.000000	-1.136360	-0.524029	0.000000	2.756616	-0.443142	0.000000
2.340000	0.208313	2.132746	0.000000	-1.108522	-0.527758	0.000000	2.810304	-0.303014	0.000000
2.350000	0.197369	2.127455	0.000000	-1.080165	-0.530098	0.000000	2.860633	-0.165413	0.000000
2.360000	0.186711	2.122148	0.000000	-1.051321	-0.531075	0.000000	2.907500	-0.030549	0.000000
2.370000	0.176344	2.116838	0.000000	-1.022027	-0.530719	0.000000	2.950805	0.101368	0.000000
2.380000	0.166272	2.111538	0.000000	-0.992317	-0.529059	0.000000	2.990446	0.230126	0.000000
2.390000	0.156499	2.106261	0.000000	-0.962230	-0.526127	0.000000	3.026320	0.355516	0.000000
2.400000	0.147029	2.101020	0.000000	-0.931804	-0.521960	0.000000	3.058327	0.477327	0.000000
2.410000	0.137864	2.095826	0.000000	-0.901077	-0.516593	0.000000	3.086364	0.595349	0.000000
2.420000	0.129008	2.090692	0.000000	-0.870090	-0.510066	0.000000	3.110330	0.709371	0.000000
2.430000	0.120463	2.085628	0.000000	-0.838884	-0.502420	0.000000	3.130124	0.819184	0.000000
2.440000	0.112231	2.080647	0.000000	-0.807502	-0.493698	0.000000	3.145643	0.924576	0.000000
2.450000	0.104314	2.075758	0.000000	-0.775986	-0.483944	0.000000	3.156786	1.025338	0.000000
2.460000	0.096712	2.070971	0.000000	-0.744381	-0.473207	0.000000	3.163452	1.121258	0.000000
2.470000	0.089426	2.066297	0.000000	-0.712732	-0.461536	0.000000	3.165538	1.212127	0.000000
2.480000	0.082457	2.061744	0.000000	-0.681086	-0.448982	0.000000	3.162943	1.297734	0.000000
2.490000	0.075804	2.057320	0.000000	-0.649489	-0.435599	0.000000	3.155565	1.377869	0.000000
2.500000	0.069467	2.053034	0.000000	-0.617991	-0.421443	0.000000	3.143303	1.452322	0.000000
2.510000	0.063444	2.048893	0.000000	-0.586640	-0.406572	0.000000	3.126056	1.520881	0.000000
2.520000	0.057733	2.044905	0.000000	-0.555487	-0.391046	0.000000	3.103720	1.583337	0.000000
2.530000	0.052333	2.041075	0.000000	-0.524583	-0.374927	0.000000	3.076195	1.639479	0.000000
2.540000	0.047241	2.037408	0.000000	-0.493980	-0.358278	0.000000	3.043380	1.689097	0.000000
2.550000	0.042453	2.033911	0.000000	-0.463733	-0.341167	0.000000	3.005171	1.731981	0.000000
2.560000	0.037965	2.030586	0.000000	-0.433895	-0.323662	0.000000	2.961469	1.767920	0.000000
2.570000	0.033773	2.027438	0.000000	-0.404522	-0.305833	0.000000	2.912170	1.796703	0.000000
2.580000	0.029873	2.024470	0.000000	-0.375671	-0.287752	0.000000	2.857174	1.818121	0.000000
2.590000	0.026258	2.021684	0.000000	-0.347398	-0.269496	0.000000	2.796378	1.831963	0.000000
2.600000	0.022923	2.019081	0.000000	-0.319763	-0.251139	0.000000	2.729682	1.838019	0.000000
2.610000	0.019860	2.016661	0.000000	-0.292825	-0.232762	0.000000	2.656983	1.836077	0.000000
2.620000	0.017064	2.014425	0.000000	-0.266644	-0.214445	0.000000	2.578180	1.825929	0.000000
2.630000	0.014525	2.012372	0.000000	-0.241282	-0.196271	0.000000	2.493171	1.807363	0.000000
2.640000	0.012235	2.010499	0.000000	-0.216801	-0.178326	0.000000	2.401854	1.780169	0.000000
2.650000	0.010185	2.008804	0.000000	-0.193266	-0.160697	0.000000	2.304128	1.744137	0.000000
2.660000	0.008366	2.007284	0.000000	-0.170740	-0.143474	0.000000	2.199891	1.699056	0.000000
2.670000	0.006767	2.005933	0.000000	-0.149290	-0.126747	0.000000	2.089041	1.644716	0.000000
2.680000	0.005377	2.004747	0.000000	-0.128982	-0.110611	0.000000	1.971478	1.580907	0.000000
2.690000	0.004183	2.003719	0.000000	-0.109883	-0.095161	0.000000	1.847098	1.507418	0.000000
2.700000	0.003175	2.002841	0.000000	-0.092063	-0.080496	0.000000	1.715801	1.424038	0.000000
2.710000	0.002338	2.002106	0.000000	-0.075591	-0.066714	0.000000	1.577485	1.330558	0.000000
2.720000	0.001658	2.001503	0.000000	-0.060537	-0.053919	0.000000	1.432048	1.226767	0.000000
2.730000	0.001122	2.001024	0.000000	-0.046974	-0.042214	0.000000	1.279388	1.112455	0.000000
2.740000	0.000713	2.000655	0.000000	-0.034974	-0.031706	0.000000	1.119404	0.987411	0.000000
2.750000	0.000417	2.000385	0.000000	-0.024610	-0.022502	0.000000	0.951994	0.851425	0.000000
2.760000	0.000216	2.000200	0.000000	-0.015959	-0.014714	0.000000	0.777057	0.704287	0.000000
2.770000	0.000092	2.000086	0.000000	-0.009095	-0.008454	0.000000	0.594491	0.545785	0.000000
2.780000	0.000027	2.000026	0.000000	-0.004095	-0.003837	0.000000	0.404194	0.375711	0.000000
2.790000	0.000003	2.000003	0.000000	-0.001037	-0.000979	0.000000	0.206064	0.193852	0.000000
2.800000	-0.000000	2.000000	0.000000	0.000000	0.000000	0.000000	0.000000	-0.000000	0.000000
